98249 1.740580e-20
48113 9.004392e-10
48111 5.172598e-08
48110 3.122125e-08
48114 4.819365e-08
62147 4.473901e-08
40092 5.255430e-06
40093 5.596876e-06
40091 2.232543e-06
40096 5.660509e-06
40094 5.544357e-06
40095 3.336281e-06
46106 4.308823e-07
46107 5.678966e-07
6000 6.655329e-04
46105 1.117838e-06
63154 3.717593e-08
63155 1.491120e-08
46108 3.664438e-07
63153 2.948071e-07
64155 3.941496e-11
94240 3.654028e-06
64157 6.962288e-10
64156 6.055061e-08
64158 3.229526e-08
96247 7.721952e-15
58141 2.041394e-06
45105 3.346214e-08
58143 1.066744e-07
58142 5.412324e-06
59143 9.057572e-07
59141 3.233710e-06
94239 1.368983e-05
94238 6.414312e-08
94237 2.824069e-14
94236 9.046619e-14
8016 1.996595e-03
54134 7.127744e-06
54135 3.696464e-09
54136 1.159424e-05
54131 2.149957e-06
54132 4.221623e-06
93236 4.799269e-14
93237 6.201679e-07
55137 5.682857e-06
93238 7.303622e-09
55134 2.995720e-07
55133 5.336883e-06
49115 1.165035e-08
42100 5.888029e-06
90233 7.164385e-19
90232 8.595257e-14
56138 6.265184e-06
45103 1.588690e-06
96244 2.601588e-09
96245 7.780654e-11
96246 1.754561e-12
91233 1.135866e-14
46104 2.290335e-07
96242 1.682632e-09
96243 1.398856e-11
96248 1.766335e-16
39091 2.779265e-06
44104 2.287744e-06
44105 5.635528e-09
44106 8.183701e-07
92239 1.027514e-08
44101 4.751388e-06
44102 4.249328e-06
44103 1.552142e-06
92235 1.681544e-04
92234 1.024459e-09
92237 1.501434e-07
92236 1.872191e-05
63156 2.704311e-08
92233 5.016683e-13
60150 6.450684e-07
37087 2.176807e-06
37085 8.564119e-07
93239 1.385607e-06
38090 4.817545e-06
46110 1.110770e-07
60146 2.945766e-06
60147 2.903734e-07
95243 2.428451e-08
60145 3.333565e-06
95244 4.516008e-12
94244 1.196896e-11
94242 3.201599e-07
94243 3.750134e-10
60148 1.667346e-06
94241 2.278938e-06
53127 1.556729e-07
61147 1.259395e-06
61149 4.335060e-08
61148 3.645684e-08
53129 7.314571e-07
38088 3.150836e-06
38089 2.053730e-06
56140 9.534593e-07
43099 5.047328e-06
35081 1.886951e-07
36083 4.390945e-07
36084 9.260203e-07
36086 1.705250e-06
62149 2.534459e-08
47109 1.999162e-07
42095 1.128538e-06
42097 5.429157e-06
42098 5.413586e-06
42099 2.247920e-07
92238 1.029603e-03
98250 3.051331e-19
62154 1.129334e-07
62153 1.892494e-08
62152 4.689953e-07
62151 1.073209e-07
62150 1.045487e-06
39089 1.985106e-06
57139 5.851370e-06
95241 7.438225e-09
60144 1.039299e-06
97249 1.072039e-18
95242 2.211682e-10
55135 7.116445e-07
60143 3.822077e-06
