54136 2.063463e-02
36084 1.641602e-03
46107 1.105496e-03
62151 1.365415e-04
62147 1.048027e-04
93236 7.842695e-11
38088 5.498210e-03
95241 1.731917e-05
96248 5.484669e-13
35081 3.303709e-04
47109 3.953125e-04
39091 4.137248e-03
45103 3.268100e-03
60144 2.484309e-03
40094 9.713714e-03
44104 4.158173e-03
90233 9.086691e-17
60147 3.023493e-04
37085 1.497525e-03
94242 9.021165e-04
43099 9.179728e-03
62150 1.929561e-03
94241 3.730823e-03
55133 9.913349e-03
42095 2.753162e-03
46104 5.395428e-04
96243 4.259043e-08
44105 8.187463e-07
59141 6.490659e-03
96244 6.994411e-06
60146 5.214287e-03
60148 2.957472e-03
63156 4.195613e-05
95244 8.590404e-10
44106 1.517308e-03
97249 2.323878e-15
44101 8.386132e-03
60145 5.829187e-03
40096 9.940151e-03
93237 1.193699e-03
46110 2.180953e-04
48113 9.806396e-07
40095 5.014076e-03
92236 3.076637e-02
96242 5.058457e-06
40092 9.921058e-03
8016 2.618920e+00
92234 1.545134e-06
45105 1.149049e-05
54132 7.765437e-03
60143 6.969965e-03
63155 2.739607e-05
95243 6.496027e-05
54131 4.007754e-03
90232 1.892817e-10
64157 7.866366e-07
44103 2.235582e-03
63154 6.518723e-05
58143 2.749840e-05
37087 3.793396e-03
62152 8.860675e-04
64158 6.401182e-05
92235 1.807355e-01
46108 7.224761e-04
53129 1.324937e-03
92238 1.344188e+00
6000 8.729748e-01
46105 2.086433e-03
54134 1.256639e-02
62153 6.484384e-06
94243 4.106793e-08
61148 2.619363e-05
98249 7.666848e-17
44102 7.551942e-03
42097 9.654035e-03
59143 1.118600e-03
46106 8.832434e-04
36083 7.736406e-04
48111 1.089875e-04
42098 9.541359e-03
91233 2.543020e-11
40093 9.842950e-03
94244 2.907265e-08
58141 2.797462e-03
94237 4.391446e-11
57139 1.029040e-02
58142 9.524193e-03
92237 1.067334e-04
96247 2.370983e-11
42100 1.039091e-02
55137 1.002055e-02
96246 6.259593e-09
95242 4.388508e-07
55135 1.143286e-03
38089 2.957353e-03
98250 1.050935e-15
48110 6.716196e-05
61149 1.627776e-05
64155 1.022012e-07
93239 3.435677e-04
62149 4.712588e-05
96245 1.800600e-07
92233 4.466970e-10
93238 3.198527e-06
53127 2.975760e-04
49115 2.122677e-05
55134 5.729609e-04
61147 2.293466e-03
64156 1.495703e-04
39089 4.070238e-03
36086 2.970289e-03
94236 1.910365e-10
40091 4.650096e-03
60150 1.148488e-03
94239 1.450690e-02
92239 5.633375e-07
54135 2.358697e-06
56138 1.100709e-02
38090 8.377220e-03
48114 8.965584e-05
63153 5.818230e-04
42099 9.602367e-05
56140 1.054718e-03
62154 2.051894e-04
94240 6.436164e-03
94238 1.569783e-04
