54136 2.861807e-02
36084 2.250105e-03
46107 1.971675e-03
62151 1.464175e-04
62147 2.009034e-04
93236 1.907370e-10
38088 7.280047e-03
95241 3.940352e-05
96248 2.730186e-11
35081 4.438463e-04
47109 6.951182e-04
39091 3.862001e-03
45103 5.102712e-03
60144 5.096340e-03
40094 1.316527e-02
44104 6.317950e-03
90233 1.735826e-16
60147 2.535593e-04
37085 1.994112e-03
94242 2.459110e-03
43099 1.232922e-02
62150 2.818046e-03
94241 6.014012e-03
55133 1.335859e-02
42095 5.905441e-03
46104 1.452088e-03
96243 2.538324e-07
44105 8.455143e-07
59141 1.019940e-02
96244 5.376556e-05
60146 7.405127e-03
60148 4.091598e-03
63156 7.271135e-05
95244 4.010190e-09
44106 2.467239e-03
97249 1.495340e-13
44101 1.157125e-02
60145 7.703469e-03
40096 1.355480e-02
93237 2.359893e-03
46110 4.001958e-04
48113 1.062221e-06
40095 4.947176e-03
92236 3.903820e-02
96242 1.990797e-05
40092 1.460673e-02
8016 2.618920e+00
92234 2.325849e-06
45105 1.178133e-05
54132 1.145894e-02
60143 9.243807e-03
63155 4.820472e-05
95243 2.973050e-04
54131 5.245873e-03
90232 3.808856e-10
64157 1.132711e-06
44103 2.243910e-03
63154 1.295637e-04
58143 2.267832e-05
37087 5.027432e-03
62152 1.159063e-03
64158 1.248814e-04
92235 1.309361e-01
46108 1.328321e-03
53129 1.909755e-03
92238 1.315268e+00
6000 8.729748e-01
46105 3.294591e-03
54134 1.735536e-02
62153 7.601469e-06
94243 1.536279e-07
61148 3.253761e-05
98249 6.235952e-15
44102 1.082058e-02
42097 1.323631e-02
59143 9.188403e-04
46106 1.598915e-03
36083 9.365992e-04
48111 1.982908e-04
42098 1.318087e-02
91233 6.053733e-11
40093 1.321893e-02
94244 1.516240e-07
58141 2.458504e-03
94237 1.617147e-10
57139 1.408964e-02
58142 1.307482e-02
92237 1.438815e-04
96247 7.213199e-10
42100 1.439894e-02
55137 1.386505e-02
96246 1.206689e-07
95242 1.184322e-06
55135 1.686771e-03
38089 2.651990e-03
98250 8.777872e-14
48110 1.876466e-04
61149 1.550224e-05
64155 1.840330e-07
93239 3.384807e-04
62149 4.498910e-05
96245 1.976819e-06
92233 4.979574e-10
93238 6.492911e-06
53127 4.451214e-04
49115 2.610998e-05
55134 1.238855e-03
61147 2.689460e-03
64156 3.560203e-04
39089 6.642245e-03
36086 3.942124e-03
94236 5.850805e-10
40091 7.806561e-03
60150 1.635191e-03
94239 1.528937e-02
92239 6.390890e-07
54135 2.047516e-06
56138 1.509802e-02
38090 1.106165e-02
48114 1.427534e-04
63153 9.732504e-04
42099 8.122550e-05
56140 8.796242e-04
62154 3.281020e-04
94240 8.216605e-03
94238 4.973918e-04
