54136 3.889408e-02
36084 3.041124e-03
46107 3.466465e-03
62151 1.560902e-04
62147 7.632457e-04
93236 4.193036e-10
38088 9.334864e-03
95241 2.730503e-04
96248 1.514511e-09
35081 5.778811e-04
47109 1.160292e-03
39091 4.022631e-04
45103 8.705723e-03
60144 1.434925e-02
40094 1.745248e-02
44104 9.613449e-03
90233 7.518888e-16
60147 2.835670e-05
37085 2.602108e-03
94242 5.380957e-03
43099 1.586863e-02
62150 3.984090e-03
94241 7.703528e-03
55133 1.721790e-02
42095 1.638325e-02
46104 3.810746e-03
96243 1.135914e-06
44105 8.943545e-07
59141 1.670124e-02
96244 3.636834e-04
60146 1.061011e-02
60148 5.538885e-03
63156 1.668247e-05
95244 1.554324e-08
44106 2.594002e-03
97249 8.452795e-12
44101 1.561839e-02
60145 9.732866e-03
40096 1.808990e-02
93237 4.535678e-03
46110 7.278659e-04
48113 1.073073e-06
40095 6.384791e-04
92236 4.602223e-02
96242 4.755795e-05
40092 1.803515e-02
8016 2.618920e+00
92234 1.136438e-05
45105 1.081902e-05
54132 1.699272e-02
60143 1.177474e-02
63155 8.646236e-05
95243 1.105436e-03
54131 6.412973e-03
90232 1.608031e-09
64157 8.653878e-07
44103 2.391789e-04
63154 2.387300e-04
58143 1.556591e-05
37087 6.451344e-03
62152 1.380725e-03
64158 2.565133e-04
92235 7.930740e-02
46108 2.395407e-03
53129 2.742582e-03
92238 1.268115e+00
6000 8.729748e-01
46105 5.298767e-03
54134 2.357295e-02
62153 6.595981e-06
94243 3.105698e-07
61148 8.069907e-06
98249 3.173336e-12
44102 1.550893e-02
42097 1.775381e-02
59143 6.724967e-05
46106 4.228978e-03
36083 1.092313e-03
48111 3.704250e-04
42098 1.792824e-02
91233 1.561934e-10
40093 1.726021e-02
94244 6.580816e-07
58141 2.028895e-04
94237 1.132825e-10
57139 1.891970e-02
58142 1.757487e-02
92237 2.379983e-05
96247 2.278825e-08
42100 1.963991e-02
55137 1.859937e-02
96246 2.296457e-06
95242 6.603704e-06
55135 2.770365e-03
38089 2.345326e-04
98250 7.943624e-12
48110 5.461781e-04
61149 7.541170e-06
64155 1.984787e-06
93239 1.908205e-04
62149 2.030504e-05
96245 2.137569e-05
92233 1.531825e-09
93238 8.997745e-06
53127 6.885959e-04
49115 2.992926e-05
55134 2.183441e-03
61147 2.427797e-03
64156 1.052068e-03
39089 1.165375e-02
36086 5.069140e-03
94236 1.364769e-09
40091 1.459736e-02
60150 2.308587e-03
94239 1.626393e-02
92239 6.283005e-07
54135 1.633874e-06
56138 2.040922e-02
38090 1.389932e-02
48114 2.293850e-04
63153 1.550950e-03
42099 3.590349e-05
56140 8.253049e-05
62154 5.246390e-04
94240 9.217847e-03
94238 1.537052e-03
