54136 1.123773e-02
36084 9.136971e-04
46107 3.718810e-04
62151 1.214065e-04
62147 2.653200e-05
93236 1.256497e-11
38088 3.180748e-03
95241 2.189340e-06
96248 3.382060e-16
35081 1.862084e-04
47109 1.261138e-04
39091 3.423975e-03
45103 1.218987e-03
60144 6.552989e-04
40094 5.449274e-03
44104 1.964300e-03
90233 2.447223e-17
60147 3.543111e-04
37085 8.593416e-04
94242 8.324223e-05
43099 5.096015e-03
62150 9.557381e-04
94241 8.660744e-04
55133 5.365976e-03
42095 5.601472e-04
46104 8.076840e-05
96243 6.750579e-10
44105 7.746159e-07
59141 2.532322e-03
96244 1.196915e-07
60146 2.795254e-03
60148 1.608866e-03
63156 1.936328e-05
95244 3.593110e-11
44106 5.949246e-04
97249 8.025829e-19
44101 4.571051e-03
60145 3.337273e-03
40096 5.527382e-03
93237 3.155808e-04
46110 7.013689e-05
48113 8.536868e-07
40095 3.903384e-03
92236 1.801506e-02
96242 2.018883e-07
40092 5.147462e-03
8016 2.618920e+00
92234 8.508982e-07
45105 1.084341e-05
54132 3.911328e-03
60143 3.557634e-03
63155 1.212374e-05
95243 2.660000e-06
54131 2.155363e-03
90232 5.175385e-11
64157 5.008642e-07
44103 1.748513e-03
63154 1.724431e-05
58143 3.510876e-05
37087 2.190596e-03
62152 4.746869e-04
64158 2.100402e-05
92235 2.500271e-01
46108 2.250164e-04
53129 6.649953e-04
92238 1.373077e+00
6000 8.729748e-01
46105 9.075122e-04
54134 6.880414e-03
62153 4.567050e-06
94243 6.160001e-09
61148 1.378058e-05
98249 1.704720e-20
44102 3.948178e-03
42097 5.317911e-03
59143 1.305743e-03
46106 3.315138e-04
36083 4.804236e-04
48111 3.617586e-05
42098 5.217255e-03
91233 4.171832e-12
40093 5.578754e-03
94244 9.769664e-10
58141 2.632062e-03
94237 3.774613e-12
57139 5.695601e-03
58142 5.247608e-03
92237 5.936273e-05
96247 3.529614e-14
42100 5.649353e-03
55137 5.462246e-03
96246 2.128207e-11
95242 3.354188e-08
55135 5.622921e-04
38089 2.577367e-03
98250 1.907748e-19
48110 9.646866e-06
61149 1.684997e-05
64155 4.350654e-08
93239 3.416924e-04
62149 4.617610e-05
96245 1.376188e-09
92233 2.113300e-10
93238 8.092219e-07
53127 1.393538e-04
49115 1.248801e-05
55134 1.359908e-04
61147 1.361751e-03
64156 3.806531e-05
39089 1.491254e-03
36086 1.713039e-03
94236 2.106936e-11
40091 1.631608e-03
60150 6.022561e-04
94239 1.135716e-02
92239 6.460735e-07
54135 2.871597e-06
56138 6.093980e-03
38090 4.855417e-03
48114 3.975577e-05
63153 2.250378e-04
42099 1.167079e-04
56140 1.219435e-03
62154 9.063316e-05
94240 2.671666e-03
94238 1.605518e-05
