54136 3.701009e-02
36084 2.887161e-03
46107 3.170412e-03
62151 1.635860e-04
62147 5.366523e-04
93236 3.976079e-10
38088 8.956067e-03
95241 1.862780e-04
96248 8.339462e-10
35081 5.530291e-04
47109 1.070604e-03
39091 8.693260e-04
45103 8.347296e-03
60144 1.145231e-02
40094 1.665649e-02
44104 8.983045e-03
90233 5.149300e-16
60147 3.134596e-05
37085 2.481370e-03
94242 4.765954e-03
43099 1.521173e-02
62150 3.812548e-03
94241 7.959764e-03
55133 1.652954e-02
42095 1.429356e-02
46104 3.254463e-03
96243 9.487284e-07
44105 9.197920e-07
59141 1.579792e-02
96244 2.853981e-04
60146 9.983143e-03
60148 5.274313e-03
63156 1.687979e-05
95244 1.267423e-08
44106 2.924838e-03
97249 5.108197e-12
44101 1.484275e-02
60145 9.361717e-03
40096 1.724588e-02
93237 4.281000e-03
46110 6.628268e-04
48113 1.137257e-06
40095 1.331234e-03
92236 4.493822e-02
96242 3.751636e-05
40092 1.733149e-02
8016 2.618920e+00
92234 7.188029e-06
45105 1.165061e-05
54132 1.595721e-02
60143 1.160063e-02
63155 8.353254e-05
95243 9.316067e-04
54131 6.234726e-03
90232 1.100185e-09
64157 8.522537e-07
44103 3.989916e-04
63154 2.328131e-04
58143 1.703429e-05
37087 6.189497e-03
62152 1.320604e-03
64158 2.337072e-04
92235 8.841110e-02
46108 2.185427e-03
53129 2.598911e-03
92238 1.275363e+00
6000 8.729748e-01
46105 4.887128e-03
54134 2.241001e-02
62153 5.477456e-06
94243 3.182698e-07
61148 9.360758e-06
98249 1.470765e-12
44102 1.462730e-02
42097 1.691669e-02
59143 7.522195e-05
46106 3.382112e-03
36083 1.072001e-03
48111 3.372861e-04
42098 1.703827e-02
91233 1.458723e-10
40093 1.651050e-02
94244 5.714547e-07
58141 3.075153e-04
94237 1.356488e-10
57139 1.801845e-02
58142 1.674765e-02
92237 3.236795e-05
96247 1.375108e-08
42100 1.865670e-02
55137 1.779844e-02
96246 1.488796e-06
95242 3.807387e-06
55135 2.514203e-03
38089 4.901540e-04
98250 4.575607e-12
48110 4.696530e-04
61149 8.290496e-06
64155 1.773924e-06
93239 1.971520e-04
62149 2.198968e-05
96245 1.688250e-05
92233 1.113162e-09
93238 8.634069e-06
53127 6.394611e-04
49115 2.925450e-05
55134 2.175534e-03
61147 2.601924e-03
64156 8.915902e-04
39089 1.092248e-02
36086 4.861826e-03
94236 1.281542e-09
40091 1.351966e-02
60150 2.180695e-03
94239 1.773666e-02
92239 5.066475e-07
54135 1.784461e-06
56138 1.939335e-02
38090 1.344847e-02
48114 2.123696e-04
63153 1.451255e-03
42099 3.949190e-05
56140 9.159859e-05
62154 4.917259e-04
94240 8.997265e-03
94238 1.310747e-03
