54136 3.796652e-02
36084 2.965475e-03
46107 3.319989e-03
62151 1.603742e-04
62147 6.531858e-04
93236 4.118148e-10
38088 9.149981e-03
95241 2.328131e-04
96248 1.134450e-09
35081 5.657858e-04
47109 1.116384e-03
39091 5.503858e-04
45103 8.571916e-03
60144 1.296719e-02
40094 1.706331e-02
44104 9.303124e-03
90233 5.840077e-16
60147 2.979090e-05
37085 2.542998e-03
94242 5.072182e-03
43099 1.554946e-02
62150 3.900039e-03
94241 7.803187e-03
55133 1.688405e-02
42095 1.556614e-02
46104 3.532450e-03
96243 1.032526e-06
44105 8.877302e-07
59141 1.628625e-02
96244 3.241254e-04
60146 1.030099e-02
60148 5.409523e-03
63156 1.663395e-05
95244 1.440843e-08
44106 2.750888e-03
97249 6.662534e-12
44101 1.524016e-02
60145 9.553645e-03
40096 1.767664e-02
93237 4.411389e-03
46110 6.957502e-04
48113 1.112927e-06
40095 8.673510e-04
92236 4.549817e-02
96242 4.159568e-05
40092 1.767567e-02
8016 2.618920e+00
92234 9.211889e-06
45105 1.115921e-05
54132 1.648358e-02
60143 1.169777e-02
63155 8.436655e-05
95243 1.021958e-03
54131 6.328663e-03
90232 1.353057e-09
64157 8.911206e-07
44103 2.800098e-04
63154 2.353876e-04
58143 1.620579e-05
37087 6.323672e-03
62152 1.349945e-03
64158 2.449888e-04
92235 8.374090e-02
46108 2.291761e-03
53129 2.672965e-03
92238 1.271616e+00
6000 8.729748e-01
46105 5.097108e-03
54134 2.300104e-02
62153 6.181235e-06
94243 2.478350e-07
61148 9.126613e-06
98249 2.250459e-12
44102 1.507511e-02
42097 1.734487e-02
59143 7.095650e-05
46106 3.816483e-03
36083 1.083101e-03
48111 3.540364e-04
42098 1.749161e-02
91233 1.513829e-10
40093 1.689437e-02
94244 6.145234e-07
58141 2.278803e-04
94237 1.316679e-10
57139 1.847883e-02
58142 1.717080e-02
92237 3.498427e-05
96247 1.778914e-08
42100 1.915735e-02
55137 1.821018e-02
96246 1.866740e-06
95242 5.231106e-06
55135 2.644643e-03
38089 3.099119e-04
98250 5.958608e-12
48110 5.076907e-04
61149 7.916948e-06
64155 1.899326e-06
93239 1.880918e-04
62149 2.127373e-05
96245 1.885452e-05
92233 1.320637e-09
93238 8.920716e-06
53127 6.654708e-04
49115 2.968465e-05
55134 2.180370e-03
61147 2.513472e-03
64156 9.722744e-04
39089 1.134631e-02
36086 4.968536e-03
94236 1.326581e-09
40091 1.415109e-02
60150 2.245926e-03
94239 1.700893e-02
92239 5.177401e-07
54135 1.710325e-06
56138 1.991167e-02
38090 1.368118e-02
48114 2.209792e-04
63153 1.504514e-03
42099 3.759049e-05
56140 8.676640e-05
62154 5.084209e-04
94240 9.163898e-03
94238 1.423931e-03
