54136 3.599829e-02
36084 2.805746e-03
46107 3.013466e-03
62151 1.690882e-04
62147 4.129777e-04
93236 3.955724e-10
38088 8.751315e-03
95241 1.307340e-04
96248 5.916811e-10
35081 5.394778e-04
47109 1.022457e-03
39091 1.574154e-03
45103 7.827884e-03
60144 9.779056e-03
40094 1.622819e-02
44104 8.647609e-03
90233 3.588171e-16
60147 3.538592e-05
37085 2.416597e-03
94242 4.440028e-03
43099 1.484299e-02
62150 3.715960e-03
94241 8.095867e-03
55133 1.613880e-02
42095 1.223346e-02
46104 2.990460e-03
96243 8.758240e-07
44105 1.019506e-06
59141 1.505159e-02
96244 2.496033e-04
60146 9.653009e-03
60148 5.131226e-03
63156 2.011382e-05
95244 1.354975e-08
44106 3.113982e-03
97249 4.064228e-12
44101 1.442395e-02
60145 9.155887e-03
40096 1.679043e-02
93237 4.147445e-03
46110 6.287421e-04
48113 1.187577e-06
40095 2.289088e-03
92236 4.432778e-02
96242 3.701570e-05
40092 1.696934e-02
8016 2.618920e+00
92234 5.303049e-06
45105 1.235530e-05
54132 1.541869e-02
60143 1.146441e-02
63155 8.060095e-05
95243 8.488692e-04
54131 6.119695e-03
90232 8.498926e-10
64157 9.357745e-07
44103 7.791987e-04
63154 2.316960e-04
58143 1.835279e-05
37087 6.047133e-03
62152 1.274317e-03
64158 2.216917e-04
92235 9.338416e-02
46108 2.074191e-03
53129 2.514034e-03
92238 1.279015e+00
6000 8.729748e-01
46105 4.667986e-03
54134 2.178590e-02
62153 6.188027e-06
94243 2.808153e-07
61148 9.108428e-06
98249 7.868713e-13
44102 1.415869e-02
42097 1.646481e-02
59143 9.721606e-05
46106 2.921796e-03
36083 1.059307e-03
48111 3.198439e-04
42098 1.655996e-02
91233 1.364371e-10
40093 1.610451e-02
94244 5.308025e-07
58141 6.240020e-04
94237 1.941755e-10
57139 1.753121e-02
58142 1.629949e-02
92237 2.695713e-05
96247 1.031834e-08
42100 1.812784e-02
55137 1.736015e-02
96246 1.140985e-06
95242 2.642111e-06
55135 2.379334e-03
38089 9.402495e-04
98250 3.237688e-12
48110 4.322782e-04
61149 8.781549e-06
64155 1.434078e-06
93239 1.867276e-04
62149 2.353972e-05
96245 1.488867e-05
92233 8.962151e-10
93238 8.585465e-06
53127 6.092842e-04
49115 2.859503e-05
55134 2.180023e-03
61147 2.693255e-03
64156 8.098879e-04
39089 1.021367e-02
36086 4.749571e-03
94236 1.248652e-09
40091 1.248381e-02
60150 2.112171e-03
94239 1.872001e-02
92239 6.418739e-07
54135 1.859266e-06
56138 1.884897e-02
38090 1.319695e-02
48114 2.033864e-04
63153 1.405346e-03
42099 4.214640e-05
56140 1.108809e-04
62154 4.744115e-04
94240 8.811119e-03
94238 1.199537e-03
