54136 3.550184e-02
36084 2.771894e-03
46107 2.889176e-03
62151 1.525307e-04
62147 2.923117e-04
93236 3.003942e-10
38088 8.681462e-03
95241 5.864058e-05
96248 3.528042e-10
35081 5.340644e-04
47109 9.875289e-04
39091 3.302830e-03
45103 6.479703e-03
60144 8.199151e-03
40094 1.600327e-02
44104 8.389749e-03
90233 3.244045e-16
60147 2.142161e-04
37085 2.386525e-03
94242 4.347789e-03
43099 1.474182e-02
62150 3.599991e-03
94241 7.266735e-03
55133 1.590105e-02
42095 9.209659e-03
46104 2.728930e-03
96243 7.256561e-07
44105 8.227030e-07
59141 1.337096e-02
96244 1.917991e-04
60146 9.414353e-03
60148 5.056581e-03
63156 1.076319e-04
95244 9.683376e-09
44106 3.357252e-03
97249 2.205126e-12
44101 1.423153e-02
60145 9.104514e-03
40096 1.655417e-02
93237 3.573272e-03
46110 5.995339e-04
48113 1.068791e-06
40095 4.456035e-03
92236 4.425491e-02
96242 4.276157e-05
40092 1.635673e-02
8016 2.618920e+00
92234 3.496552e-06
45105 1.168506e-05
54132 1.490559e-02
60143 1.064112e-02
63155 7.017543e-05
95243 7.129495e-04
54131 6.032558e-03
90232 6.054959e-10
64157 1.459206e-06
44103 2.108678e-03
63154 1.972332e-04
58143 1.899217e-05
37087 5.992393e-03
62152 1.325416e-03
64158 2.045389e-04
92235 9.476748e-02
46108 1.981647e-03
53129 2.425656e-03
92238 1.287346e+00
6000 8.729748e-01
46105 4.473807e-03
54134 2.143291e-02
62153 8.480467e-06
94243 2.316546e-07
61148 3.381617e-05
98249 1.118806e-13
44102 1.380101e-02
42097 1.623139e-02
59143 7.594337e-04
46106 2.464078e-03
36083 1.052442e-03
48111 2.969994e-04
42098 1.628388e-02
91233 1.010407e-10
40093 1.592938e-02
94244 4.263975e-07
58141 2.084779e-03
94237 3.257342e-10
57139 1.726958e-02
58142 1.604825e-02
92237 1.621765e-04
96247 6.760820e-09
42100 1.782454e-02
55137 1.713813e-02
96246 8.141753e-07
95242 1.887578e-06
55135 2.217404e-03
38089 2.196879e-03
98250 1.549085e-12
48110 3.779825e-04
61149 1.444580e-05
64155 2.731448e-07
93239 3.387339e-04
62149 4.098368e-05
96245 9.216888e-06
92233 6.404844e-10
93238 1.014472e-05
53127 5.796789e-04
49115 2.850304e-05
55134 2.071991e-03
61147 2.759615e-03
64156 6.764792e-04
39089 8.858874e-03
36086 4.705050e-03
94236 1.125846e-09
40091 1.062932e-02
60150 2.069311e-03
94239 1.521432e-02
92239 5.046592e-07
54135 1.744733e-06
56138 1.854439e-02
38090 1.313519e-02
48114 1.965977e-04
63153 1.344705e-03
42099 6.951441e-05
56140 7.381220e-04
62154 4.537243e-04
94240 8.814308e-03
94238 1.030762e-03
