64157 9.048808e-07
93237 4.331509e-03
44103 2.810892e-04
48111 3.479135e-04
64156 9.350096e-04
38090 1.351824e-02
55135 2.629618e-03
37085 2.511331e-03
60150 2.215396e-03
62149 2.232990e-05
45105 1.048165e-05
58141 2.282362e-04
46105 5.036949e-03
42095 1.532273e-02
44104 9.165212e-03
94237 1.219834e-10
58142 1.694773e-02
94236 1.332985e-09
61147 2.523248e-03
46104 3.410973e-03
98249 1.922314e-12
92233 1.530195e-09
60148 5.333675e-03
38089 3.166351e-04
48110 4.906251e-04
56140 8.280987e-05
98250 5.184998e-12
53129 2.638995e-03
93239 1.797135e-04
92236 4.519760e-02
36086 4.906568e-03
60143 1.166133e-02
36084 2.918399e-03
92235 8.674108e-02
40092 1.604906e-02
36083 1.072019e-03
96242 4.078197e-05
62147 6.449417e-04
63153 1.482866e-03
60144 1.261219e-02
49115 2.964803e-05
92238 1.272765e+00
62153 6.625751e-06
64158 2.378292e-04
55137 1.797322e-02
42098 1.726244e-02
44105 7.959579e-07
55134 2.116084e-03
46107 3.264910e-03
44102 1.485509e-02
96243 9.950864e-07
64155 1.941181e-06
62150 3.844982e-03
94240 9.196111e-03
55133 1.673650e-02
96247 1.570006e-08
63154 2.318710e-04
59141 1.607734e-02
61149 7.388906e-06
60146 1.013671e-02
96244 3.044505e-04
91233 1.485073e-10
96246 1.694301e-06
94244 5.806454e-07
58143 1.524616e-05
44101 1.505315e-02
95243 9.735332e-04
62151 1.623030e-04
96248 9.880826e-10
95244 1.327789e-08
46110 6.834652e-04
90233 6.621092e-16
95241 2.334495e-04
60147 2.828183e-05
63156 1.524849e-05
57139 1.824435e-02
60145 9.464699e-03
54134 2.270194e-02
40093 1.668401e-02
48113 1.116698e-06
54131 6.291275e-03
63155 8.418470e-05
59143 6.826095e-05
42100 1.890594e-02
46108 2.254822e-03
94242 4.968410e-03
42097 1.712171e-02
47109 1.101167e-03
40094 1.684093e-02
48114 2.174478e-04
6000 8.729748e-01
94241 7.857388e-03
97249 5.520109e-12
53127 6.568774e-04
90232 1.323490e-09
45103 8.521326e-03
94243 3.135319e-07
38088 9.027433e-03
54135 1.685362e-06
46106 3.717548e-03
40096 1.744826e-02
94238 1.372078e-03
62154 4.996541e-04
56138 1.965768e-02
62152 1.335992e-03
96245 1.796314e-05
40091 1.395550e-02
43099 1.538733e-02
61148 8.146818e-06
54136 3.743574e-02
8016 2.618920e+00
35081 5.589851e-04
94239 1.725584e-02
93238 7.919178e-06
37087 6.244605e-03
44106 2.725682e-03
92237 2.663419e-05
54132 1.622963e-02
40095 8.840142e-04
93236 4.141641e-10
92239 5.786755e-07
39089 1.119763e-02
95242 5.161903e-06
39091 5.629108e-04
92234 8.925899e-06
42099 3.538039e-05
