64157 1.181904e-06
93237 2.289398e-03
44103 2.221029e-03
48111 1.933146e-04
64156 3.394988e-04
38090 1.085341e-02
55135 1.677361e-03
37085 1.956064e-03
60150 1.602403e-03
62149 4.622380e-05
45105 1.114759e-05
58141 2.439736e-03
46105 3.238995e-03
42095 5.729483e-03
44104 6.184439e-03
94237 1.636339e-10
58142 1.281822e-02
94236 5.886577e-10
61147 2.667635e-03
46104 1.384011e-03
98249 5.541890e-15
92233 7.899118e-10
60148 4.006801e-03
38089 2.631420e-03
48110 1.786165e-04
56140 8.717411e-04
98250 7.588615e-14
53129 1.872423e-03
93239 3.204869e-04
92236 3.850003e-02
36086 3.867147e-03
60143 9.128960e-03
36084 2.200755e-03
92235 1.349078e-01
40092 1.222195e-02
36083 9.175394e-04
96242 1.903707e-05
62147 1.964840e-04
63153 9.514078e-04
60144 4.893884e-03
49115 2.595190e-05
92238 1.316046e+00
62153 7.233783e-06
64158 1.208969e-04
55137 1.359319e-02
42098 1.292066e-02
44105 7.751822e-07
55134 1.208369e-03
46107 1.924699e-03
44102 1.059698e-02
96243 2.399615e-07
64155 1.849845e-07
62150 2.755687e-03
94240 8.189693e-03
55133 1.310899e-02
96247 6.399004e-10
63154 1.266235e-04
59141 9.976882e-03
61149 1.487460e-05
60146 7.244755e-03
96244 4.973675e-05
91233 5.875251e-11
96246 1.091755e-07
94244 1.425680e-07
58143 2.149035e-05
44101 1.135078e-02
95243 2.854025e-04
62151 1.471495e-04
96248 2.318466e-11
95244 3.903059e-09
46110 3.902321e-04
90233 1.813299e-16
95241 3.956521e-05
60147 2.515207e-04
63156 6.942810e-05
57139 1.381735e-02
60145 7.571582e-03
54134 1.701172e-02
40093 1.296626e-02
48113 1.074290e-06
54131 5.171915e-03
63155 4.717373e-05
59143 9.125224e-04
42100 1.411738e-02
46108 1.294488e-03
94242 2.347733e-03
42097 1.297884e-02
47109 6.828140e-04
40094 1.290963e-02
48114 1.394912e-04
6000 8.729748e-01
94241 6.032078e-03
97249 1.330753e-13
53127 4.366107e-04
90232 3.704051e-10
45103 5.015604e-03
94243 1.503142e-07
38088 7.138828e-03
54135 1.971802e-06
46106 1.543763e-03
40096 1.329156e-02
94238 4.741759e-04
62154 3.200284e-04
56138 1.480619e-02
62152 1.135674e-03
96245 1.899172e-06
40091 7.617351e-03
43099 1.210283e-02
61148 3.148114e-05
54136 2.803125e-02
8016 2.618920e+00
35081 4.355527e-04
94239 1.571579e-02
93238 6.059138e-06
37087 4.932048e-03
44106 2.414426e-03
92237 1.377235e-04
54132 1.120919e-02
40095 4.898284e-03
93236 1.948041e-10
92239 6.167118e-07
39089 6.486990e-03
95242 1.181071e-06
39091 3.828466e-03
92234 2.341900e-06
42099 7.888227e-05
