64157 5.283217e-07
93237 3.030315e-04
44103 1.698952e-03
48111 3.477695e-05
64156 3.620857e-05
38090 4.703448e-03
55135 5.582697e-04
37085 8.323684e-04
60150 5.828397e-04
62149 4.711001e-05
45105 1.033851e-05
58141 2.562977e-03
46105 8.813703e-04
42095 5.347393e-04
44104 1.898454e-03
94237 4.156223e-12
58142 5.079957e-03
94236 1.886451e-11
61147 1.321213e-03
46104 7.560618e-05
98249 1.289707e-20
92233 1.730767e-10
60148 1.555017e-03
38089 2.506311e-03
48110 9.163411e-06
56140 1.191690e-03
98250 1.372982e-19
53129 6.434355e-04
93239 3.408743e-04
92236 1.751299e-02
36086 1.659368e-03
60143 3.442750e-03
36084 8.839840e-04
92235 2.530941e-01
40092 4.985613e-03
36083 4.665682e-04
96242 1.808601e-07
62147 2.546682e-05
63153 2.161956e-04
60144 6.212924e-04
49115 1.212976e-05
92238 1.373440e+00
62153 4.222429e-06
64158 2.014121e-05
55137 5.288172e-03
42098 5.051103e-03
44105 7.330054e-07
55134 1.263499e-04
46107 3.575915e-04
44102 3.820463e-03
96243 5.969941e-10
64155 4.369452e-08
62150 9.209844e-04
94240 2.589483e-03
55133 5.198251e-03
96247 2.693594e-14
63154 1.644022e-05
59141 2.438791e-03
61149 1.616348e-05
60146 2.706146e-03
96244 1.019344e-07
91233 3.971391e-12
96246 1.713789e-11
94244 8.351630e-10
58143 3.331721e-05
44101 4.426650e-03
95243 2.332251e-06
62151 1.216673e-04
96248 2.535371e-16
95244 3.140561e-11
46110 6.738175e-05
90233 2.308093e-17
95241 2.054928e-06
60147 3.469315e-04
63156 1.856003e-05
57139 5.515199e-03
60145 3.234078e-03
54134 6.660607e-03
40093 5.403099e-03
48113 8.647070e-07
54131 2.088323e-03
63155 1.185767e-05
59143 1.277584e-03
42100 5.469032e-03
46108 2.159327e-04
94242 7.509312e-05
42097 5.148702e-03
47109 1.211754e-04
40094 5.277111e-03
48114 3.836137e-05
6000 8.729748e-01
94241 8.219625e-04
97249 6.214489e-19
53127 1.347101e-04
90232 4.983443e-11
45103 1.174077e-03
94243 4.559592e-09
38088 3.073603e-03
54135 2.836947e-06
46106 3.118995e-04
40096 5.352502e-03
94238 1.489315e-05
62154 8.732406e-05
56138 5.903122e-03
62152 4.573783e-04
96245 1.184064e-09
40091 1.569337e-03
43099 4.935607e-03
61148 1.337907e-05
54136 1.086955e-02
8016 2.618920e+00
35081 1.803442e-04
94239 1.145640e-02
93238 7.351945e-07
37087 2.122035e-03
44106 5.733788e-04
92237 5.784060e-05
54132 3.780807e-03
40095 3.791483e-03
93236 1.124461e-11
92239 6.182084e-07
39089 1.435115e-03
95242 3.080218e-08
39091 3.327801e-03
92234 8.388420e-07
42099 1.126894e-04
