98249 2.453729e-16
48113 5.959912e-09
48111 1.080140e-06
48110 1.353084e-06
48114 7.547369e-07
62147 1.059656e-06
40092 6.150724e-05
40093 6.427075e-05
40091 4.079244e-05
40096 6.663215e-05
40094 6.456981e-05
40095 2.082480e-05
46106 8.890763e-06
46107 1.085743e-05
6000 3.929016e-03
46105 1.729431e-05
63154 9.035577e-07
63155 2.744672e-07
46108 7.415211e-06
63153 5.181229e-06
64155 8.028193e-10
94240 3.607755e-05
64157 8.228890e-09
64156 2.132975e-06
64158 7.438166e-07
96247 1.719043e-11
58141 1.011939e-05
45105 2.127430e-07
58143 4.531437e-07
58142 6.450962e-05
59143 3.848758e-06
59141 5.204769e-05
94239 8.787719e-05
94238 3.535949e-06
94237 1.568705e-12
94236 4.356549e-12
8016 1.178703e-02
54134 8.590322e-05
54135 1.578239e-08
54136 1.416113e-04
54131 2.399608e-05
54132 5.847821e-05
93236 1.537722e-12
93237 1.406791e-05
55137 6.870840e-05
93238 1.708757e-07
55134 8.031195e-06
55133 6.311529e-05
49115 1.125822e-07
42100 7.140677e-05
90233 1.779897e-17
90232 2.167520e-12
56138 7.450808e-05
45103 2.521546e-05
96244 6.152479e-07
96245 3.495082e-08
96246 1.938665e-09
91233 3.765560e-13
46104 9.576232e-06
96242 1.395595e-07
96243 2.408931e-09
96248 8.426844e-13
39091 1.562552e-05
44104 3.279848e-05
44105 3.598793e-08
44106 1.314224e-05
92239 5.770129e-08
44101 5.698386e-05
44102 5.487174e-05
44103 9.942012e-06
92235 5.270282e-04
92234 1.324605e-08
92237 1.463906e-06
92236 1.854371e-04
63156 4.773863e-07
92233 3.992403e-12
60150 8.218126e-06
37087 2.432287e-05
37085 9.665093e-06
93239 7.782985e-06
38090 5.343539e-05
46110 2.240739e-06
60146 3.740627e-05
60147 1.282688e-06
95243 2.456957e-06
60145 3.700322e-05
95244 4.571964e-10
94244 1.494422e-09
94242 1.447062e-05
94243 1.648434e-08
60148 2.021338e-05
94241 3.622956e-05
53127 2.235312e-06
61147 1.127501e-05
61149 2.505744e-07
61148 3.264955e-07
53129 9.630485e-06
38088 3.518754e-05
38089 1.061309e-05
56140 4.176508e-06
43099 5.874908e-05
35081 2.159508e-06
36083 4.412793e-06
36084 1.105145e-05
36086 1.909442e-05
62149 1.376260e-07
47109 3.717422e-06
42095 3.336026e-05
42097 6.498318e-05
42098 6.530369e-05
42099 1.007652e-06
92238 5.826393e-03
98250 3.616179e-15
62154 1.773734e-06
62153 1.756134e-07
62152 5.084768e-06
62151 7.668110e-07
62150 1.425290e-05
39089 3.431820e-05
57139 6.942188e-05
95241 2.469739e-07
60144 2.841285e-05
97249 7.731984e-15
95242 9.169232e-09
55135 9.020874e-06
60143 4.439060e-05
