98249 3.502171e-23
48113 4.000918e-09
48111 5.880953e-08
48110 1.800416e-08
48114 8.550945e-08
62147 2.544918e-08
40092 1.144847e-05
40093 1.230734e-05
40091 2.086381e-06
40096 1.241351e-05
40094 1.224221e-05
40095 1.039378e-05
46106 6.467497e-07
46107 7.843087e-07
6000 3.938094e-03
46105 1.864878e-06
63154 3.135526e-08
63155 3.300860e-08
46108 4.691150e-07
63153 4.139051e-07
64155 6.535193e-11
94240 5.766307e-06
64157 2.021074e-09
64156 4.809988e-08
64158 4.220336e-08
96247 9.354325e-17
58141 8.058711e-06
45105 1.593609e-07
58143 7.691184e-07
58142 1.173385e-05
59143 5.137558e-06
59141 3.454619e-06
94239 4.134556e-05
94238 2.114727e-08
94237 1.453239e-14
94236 3.470466e-14
8016 1.181426e-02
54134 1.540129e-05
54135 2.414398e-08
54136 2.479352e-05
54131 3.665213e-06
54132 7.622848e-06
93236 2.266623e-14
93237 5.137172e-07
55137 1.225415e-05
93238 5.678243e-09
55134 2.255435e-07
55133 9.490520e-06
49115 2.545567e-08
42100 1.266264e-05
90233 5.671328e-19
90232 6.828618e-14
56138 1.371250e-05
45103 1.624669e-06
96244 2.101062e-10
96245 3.413433e-12
96246 4.032603e-14
91233 4.660532e-15
46104 1.046314e-07
96242 2.277736e-10
96243 9.235984e-13
96248 1.129543e-18
39091 9.069722e-06
44104 4.340166e-06
44105 2.718199e-08
44106 1.310499e-06
92239 6.023596e-08
44101 1.026294e-05
44102 8.816641e-06
44103 5.049419e-06
92235 1.350846e-03
92234 2.547602e-09
92237 3.280193e-07
92236 4.505967e-05
63156 5.982360e-08
92233 1.173380e-12
60150 1.345771e-06
37087 4.924930e-06
37085 1.917725e-06
93239 8.121778e-06
38090 1.095383e-05
46110 1.475199e-07
60146 6.262755e-06
60147 1.784123e-06
95243 4.025413e-09
60145 7.455573e-06
95244 7.538601e-13
94244 1.960035e-12
94242 1.150681e-07
94243 1.339880e-10
60148 3.564124e-06
94241 1.849542e-06
53127 2.550079e-07
61147 2.262914e-06
61149 2.376918e-07
61148 5.745192e-08
53129 1.420396e-06
38088 7.095678e-06
38089 7.205048e-06
56140 5.571630e-06
43099 1.008900e-05
35081 4.184203e-07
36083 1.033763e-06
36084 2.030418e-06
36086 3.860299e-06
62149 1.308237e-07
47109 2.536054e-07
42095 4.965622e-07
42097 1.151039e-05
42098 1.169858e-05
42099 1.557090e-06
92238 6.222550e-03
98250 7.468249e-22
62154 2.017574e-07
62153 5.848873e-08
62152 9.180934e-07
62151 3.902615e-07
62150 1.879410e-06
39089 1.965963e-06
57139 1.277104e-05
95241 2.413583e-09
60144 7.996025e-07
97249 4.126729e-21
95242 4.668306e-11
55135 1.467886e-06
60143 5.371902e-06
