98249 0.000000e+00
48113 0.000000e+00
48111 0.000000e+00
48110 0.000000e+00
48114 0.000000e+00
62147 0.000000e+00
40092 0.000000e+00
40093 0.000000e+00
40091 0.000000e+00
40096 0.000000e+00
40094 0.000000e+00
40095 0.000000e+00
46106 0.000000e+00
46107 0.000000e+00
6000 0.000000e+00
46105 0.000000e+00
63154 0.000000e+00
63155 0.000000e+00
46108 0.000000e+00
63153 0.000000e+00
64155 0.000000e+00
94240 0.000000e+00
64157 0.000000e+00
64156 0.000000e+00
64158 0.000000e+00
96247 0.000000e+00
58141 0.000000e+00
45105 0.000000e+00
58143 0.000000e+00
58142 0.000000e+00
59143 0.000000e+00
59141 0.000000e+00
94239 0.000000e+00
94238 0.000000e+00
94237 0.000000e+00
94236 0.000000e+00
8016 0.000000e+00
54134 0.000000e+00
54135 0.000000e+00
54136 0.000000e+00
54131 0.000000e+00
54132 0.000000e+00
93236 0.000000e+00
93237 0.000000e+00
55137 0.000000e+00
93238 0.000000e+00
55134 0.000000e+00
55133 0.000000e+00
49115 0.000000e+00
42100 0.000000e+00
90233 0.000000e+00
90232 0.000000e+00
56138 0.000000e+00
45103 0.000000e+00
96244 0.000000e+00
96245 0.000000e+00
96246 0.000000e+00
91233 0.000000e+00
46104 0.000000e+00
96242 0.000000e+00
96243 0.000000e+00
96248 0.000000e+00
39091 0.000000e+00
44104 0.000000e+00
44105 0.000000e+00
44106 0.000000e+00
92239 0.000000e+00
44101 0.000000e+00
44102 0.000000e+00
44103 0.000000e+00
92235 0.000000e+00
92234 0.000000e+00
92237 0.000000e+00
92236 0.000000e+00
63156 0.000000e+00
92233 0.000000e+00
60150 0.000000e+00
37087 0.000000e+00
37085 0.000000e+00
93239 0.000000e+00
38090 0.000000e+00
46110 0.000000e+00
60146 0.000000e+00
60147 0.000000e+00
95243 0.000000e+00
60145 0.000000e+00
95244 0.000000e+00
94244 0.000000e+00
94242 0.000000e+00
94243 0.000000e+00
60148 0.000000e+00
94241 0.000000e+00
53127 0.000000e+00
61147 0.000000e+00
61149 0.000000e+00
61148 0.000000e+00
53129 0.000000e+00
38088 0.000000e+00
38089 0.000000e+00
56140 0.000000e+00
43099 0.000000e+00
35081 0.000000e+00
36083 0.000000e+00
36084 0.000000e+00
36086 0.000000e+00
62149 0.000000e+00
47109 0.000000e+00
42095 0.000000e+00
42097 0.000000e+00
42098 0.000000e+00
42099 0.000000e+00
92238 0.000000e+00
98250 0.000000e+00
62154 0.000000e+00
62153 0.000000e+00
62152 0.000000e+00
62151 0.000000e+00
62150 0.000000e+00
39089 0.000000e+00
57139 0.000000e+00
95241 0.000000e+00
60144 0.000000e+00
97249 0.000000e+00
95242 0.000000e+00
55135 0.000000e+00
60143 0.000000e+00
