98249 1.728281e-20
48113 8.923506e-10
48111 5.120524e-08
48110 3.096730e-08
48114 4.770941e-08
62147 4.427756e-08
40092 5.198398e-06
40093 5.539023e-06
40091 2.209814e-06
40096 5.602237e-06
40094 5.487247e-06
40095 3.301585e-06
46106 4.266640e-07
46107 5.623462e-07
6000 6.583816e-04
46105 1.106494e-06
63154 3.687150e-08
63155 1.475614e-08
46108 3.628958e-07
63153 2.919305e-07
64155 3.900008e-11
94240 3.615591e-06
64157 6.912384e-10
64156 5.994301e-08
64158 3.198514e-08
96247 7.677102e-15
58141 2.020117e-06
45105 3.319507e-08
58143 1.057841e-07
58142 5.356727e-06
59143 8.964716e-07
59141 3.200584e-06
94239 1.356446e-05
94238 6.361258e-08
94237 2.803843e-14
94236 8.973368e-14
8016 1.975141e-03
54134 7.054535e-06
54135 3.664724e-09
54136 1.147501e-05
54131 2.127113e-06
54132 4.178503e-06
93236 4.762305e-14
93237 6.145678e-07
55137 5.624512e-06
93238 7.260913e-09
55134 2.970802e-07
55133 5.280723e-06
49115 1.152363e-08
42100 5.827583e-06
90233 7.126739e-19
90232 8.508793e-14
56138 6.200798e-06
45103 1.572147e-06
96244 2.585140e-09
96245 7.738917e-11
96246 1.743227e-12
91233 1.125131e-14
46104 2.270879e-07
96242 1.668242e-09
96243 1.389212e-11
96248 1.756271e-16
39091 2.750121e-06
44104 2.264661e-06
44105 5.593868e-09
44106 8.103261e-07
92239 1.022103e-08
44101 4.702595e-06
44102 4.206026e-06
44103 1.536335e-06
92235 1.663071e-04
92234 1.014390e-09
92237 1.492218e-07
92236 1.853083e-05
63156 2.680222e-08
92233 4.972030e-13
60150 6.384731e-07
37087 2.154288e-06
37085 8.475538e-07
93239 1.377871e-06
38090 4.767707e-06
46110 1.099990e-07
60146 2.915732e-06
60147 2.875292e-07
95243 2.410710e-08
60145 3.299007e-06
95244 4.499015e-12
94244 1.189553e-11
94242 3.172772e-07
94243 3.732611e-10
60148 1.650227e-06
94241 2.260220e-06
53127 1.540687e-07
61147 1.245628e-06
61149 4.300915e-08
61148 3.620839e-08
53129 7.239975e-07
38088 3.118265e-06
38089 2.032181e-06
56140 9.439919e-07
43099 4.994593e-06
35081 1.867470e-07
36083 4.345419e-07
36084 9.164739e-07
36086 1.687618e-06
62149 2.510210e-08
47109 1.979475e-07
42095 1.117281e-06
42097 5.373190e-06
42098 5.357988e-06
42099 2.228853e-07
92238 1.018488e-03
98250 3.033238e-19
62154 1.118235e-07
62153 1.879458e-08
62152 4.639066e-07
62151 1.062725e-07
62150 1.034811e-06
39089 1.964859e-06
57139 5.791169e-06
95241 7.368005e-09
60144 1.028849e-06
97249 1.066557e-18
95242 2.193977e-10
55135 7.045746e-07
60143 3.782332e-06
