98249 1.074569e-17
48113 5.778632e-09
48111 6.677996e-07
48110 6.239662e-07
48114 5.195483e-07
62147 6.522170e-07
40092 4.822798e-05
40093 5.076909e-05
40091 2.746985e-05
40096 5.199397e-05
40094 5.062204e-05
40095 2.216128e-05
46106 5.415175e-06
46107 6.964047e-06
6000 3.948087e-03
46105 1.203022e-05
63154 5.413250e-07
63155 1.759787e-07
46108 4.656124e-06
63153 3.495141e-06
64155 4.742121e-10
94240 3.197966e-05
64157 5.993963e-09
64156 1.025987e-06
64158 4.298628e-07
96247 1.640298e-12
58141 1.172857e-05
45105 2.141890e-07
58143 5.470761e-07
58142 5.007232e-05
59143 4.654771e-06
59141 3.676420e-05
94239 8.744968e-05
94238 1.525232e-06
94237 6.392497e-13
94236 1.992038e-12
8016 1.184424e-02
54134 6.628933e-05
54135 1.845811e-08
54136 1.087098e-04
54131 1.960815e-05
54132 4.249310e-05
93236 8.404213e-13
93237 8.647035e-06
55137 5.296583e-05
93238 1.047735e-07
55134 4.562476e-06
55133 4.978847e-05
49115 9.791691e-08
42100 5.497031e-05
90233 1.039422e-17
90232 1.249495e-12
56138 5.782730e-05
45103 1.819382e-05
96244 1.503843e-07
96245 6.527723e-09
96246 2.505756e-10
91233 2.042570e-13
46104 4.601011e-06
96242 5.470260e-08
96243 6.915732e-10
96248 5.840033e-14
39091 1.750963e-05
44104 2.347852e-05
44105 3.630038e-08
44106 9.105489e-06
92239 5.953332e-08
44101 4.413198e-05
44102 4.099943e-05
44103 1.030659e-05
92235 7.246014e-04
92234 9.156776e-09
92237 1.248551e-06
92236 1.569857e-04
63156 3.090995e-07
92233 3.765064e-12
60150 6.185629e-06
37087 1.944297e-05
37085 7.691629e-06
93239 8.045563e-06
38090 4.287021e-05
46110 1.403607e-06
60146 2.809401e-05
60147 1.518759e-06
95243 8.677635e-07
60145 2.976089e-05
95244 1.616797e-10
94244 4.744608e-10
94242 7.155825e-06
94243 8.278857e-09
60148 1.557514e-05
94241 2.730673e-05
53127 1.614719e-06
61147 1.028897e-05
61149 2.658376e-07
61148 3.003500e-07
53129 7.193738e-06
38088 2.814475e-05
38089 1.233900e-05
56140 4.976231e-06
43099 4.642745e-05
35081 1.709552e-06
36083 3.732669e-06
36084 8.556450e-06
36086 1.524613e-05
62149 1.458614e-07
47109 2.445321e-06
42095 1.896942e-05
42097 5.039214e-05
42098 5.037683e-05
42099 1.187625e-06
92238 5.980479e-03
98250 1.780162e-16
62154 1.220808e-06
62153 1.543096e-07
62152 4.204601e-06
62151 7.101298e-07
62150 1.052827e-05
39089 2.365205e-05
57139 5.397031e-05
95241 1.417776e-07
60144 1.599272e-05
97249 4.582341e-16
95242 4.890888e-09
55135 6.697418e-06
60143 3.592242e-05
