32070 5.4955E-26
56132 3.4838E-15
90227 2.2334E-18
93236 1.4446E-10
91233 1.0483E-10
92236 1.0449E+00
98250 4.8772E-21
82207 3.4228E-19
92240 1.8341E-08
94241 1.6203E-02
96248 2.9052E-17
92238 1.6950E+02
82208 2.1545E-16
96243 1.1573E-09
92233 3.0592E-08
96250 2.0378E-26
98249 1.1063E-21
95242 2.1518E-07
88224 1.7380E-16
96247 5.9303E-15
90232 2.2375E-09
95241 3.8777E-05
95242 5.7964E-08
91232 1.2817E-12
93235 6.3926E-13
92237 1.6084E-03
98251 4.0775E-22
94236 1.2696E-10
94240 1.0753E-01
83209 3.5701E-22
92239 6.6613E-05
96242 8.2464E-07
91231 2.2805E-09
92234 5.4219E-05
95244 1.5637E-10
95244 6.6459E-11
94244 2.7450E-09
95243 8.2235E-06
99254 6.1107E-31
99254 4.3205E-30
94238 1.6864E-04
94243 5.1720E-08
96246 7.4320E-12
99253 8.4907E-28
90229 9.9438E-15
94237 1.8750E-10
98252 1.0730E-23
89227 2.6687E-15
90233 9.7555E-16
96245 1.1652E-09
93239 1.5456E-02
93237 9.3745E-03
92235 3.7619E+01
88226 4.1385E-18
82206 2.8510E-24
94242 5.5781E-04
88223 6.0619E-19
96249 9.6344E-23
90234 1.7378E-09
97249 4.1563E-20
90228 4.4525E-14
94239 1.1660E+00
98253 2.3045E-27
92232 8.9086E-11
98254 1.0184E-29
90230 1.1286E-11
97250 8.0079E-23
96244 1.7532E-07
93238 8.3401E-06
55133 2.7909E-01
39089 3.8269E-14
36080 3.7172E-08
40090 1.3960E-17
40090 7.8011E-04
52122 3.9439E-06
63157 4.0691E-06
62149 6.5334E-03
64153 3.2711E-08
66162 9.1988E-06
39089 6.3387E-02
38087 1.4727E-10
50118 9.2542E-04
56135 5.0249E-08
56135 2.1796E-10
64154 1.8493E-06
59143 8.4546E-02
31069 8.2523E-20
50124 1.5303E-03
51123 9.4173E-04
54135 4.5036E-04
54135 6.2734E-06
54129 2.2937E-08
42100 2.8870E-01
3007 4.5650E-08
46104 1.0779E-03
52126 6.3991E-05
49115 6.9422E-04
50114 1.9499E-10
50117 8.5048E-04
48116 8.7159E-04
52130 7.1194E-02
48112 1.1407E-03
37085 4.4759E-02
41095 8.8038E-05
41095 5.2760E-02
40093 2.8871E-01
55137 2.7952E-01
63152 6.9878E-09
62153 1.3498E-04
32072 3.6845E-06
34079 4.6444E-08
34079 2.4261E-03
44102 1.9903E-01
60145 1.7445E-01
58142 2.7096E-01
47111 2.7392E-04
47111 1.3660E-08
45105 1.2024E-07
45105 4.7055E-04
38090 2.5400E-01
32076 2.1225E-04
48111 1.5455E-03
64160 4.7814E-05
50125 6.6186E-08
56140 7.7849E-02
35081 9.6351E-03
34077 1.2166E-12
34077 4.6647E-04
63151 6.0772E-06
66164 1.4395E-06
46107 1.5118E-02
46107 3.1289E-13
36083 2.3556E-02
36083 2.4532E-05
48113 1.9895E-05
63156 7.5974E-04
68168 2.3216E-08
52123 1.2083E-09
52123 3.7872E-09
62147 9.5111E-04
61148 2.0551E-04
31071 3.1038E-10
44106 2.5844E-02
37086 1.0066E-05
37086 2.7961E-11
66161 1.5242E-05
40096 2.8471E-01
34080 5.7300E-03
38089 1.5046E-01
64155 5.1734E-06
44101 2.3563E-01
56134 4.6263E-05
59142 4.2655E-09
59142 1.8525E-06
50125 1.6051E-04
39091 1.9214E-01
39091 5.3642E-05
54134 3.5212E-01
42098 2.6715E-01
3006 2.1513E-06
47109 4.9113E-03
50115 2.8206E-05
36084 4.6718E-02
67165 9.7274E-07
61148 2.5686E-04
40092 2.6690E-01
36086 8.9359E-02
63155 8.4981E-04
68167 1.6016E-07
68167 1.5793E-16
55134 2.5976E-03
55134 6.8022E-07
62150 4.3205E-02
53129 3.1380E-02
58143 2.1181E-03
44105 1.5201E-04
36082 3.4303E-05
50122 1.0116E-03
51126 3.3972E-09
51126 1.4834E-05
56137 4.8858E-04
34078 9.6927E-04
57138 2.7327E-06
52132 5.3083E-03
44099 5.2691E-08
50126 3.6808E-03
45103 8.7152E-05
45103 5.2857E-02
51121 9.5104E-04
53127 6.8061E-03
54133 2.3303E-02
54133 1.1186E-04
46108 8.6185E-03
61151 1.5106E-04
46106 1.2036E-02
46110 2.7653E-03
49113 6.4990E-08
49113 1.9518E-16
48110 1.7703E-04
52124 8.5734E-07
54134 3.3448E-11
60147 2.3229E-02
60148 8.0714E-02
37087 1.1431E-01
58141 1.5621E-01
40095 2.1911E-01
36085 1.2018E-02
36085 1.2488E-04
60150 3.0412E-02
38088 1.6277E-01
64158 7.9429E-04
64156 1.2730E-03
59141 1.0981E-01
44100 2.6372E-03
32073 9.1124E-13
62154 4.2403E-03
58140 1.9303E-01
51125 1.8974E-03
43099 3.9727E-04
43099 2.6539E-01
38087 2.2243E-07
53131 2.0080E-02
54129 2.1081E-10
32074 3.1097E-05
61149 6.9590E-04
42095 1.7247E-02
65159 1.0741E-04
48114 1.8376E-03
52128 2.0261E-02
39090 1.4680E-09
39090 6.2999E-05
50117 4.1563E-09
57140 1.1340E-02
62148 1.7848E-03
56138 3.1256E-01
47109 3.8433E-08
40091 6.6858E-02
63154 4.1086E-04
68166 4.0214E-07
55135 1.8719E-08
55135 4.0572E-02
50119 1.2152E-05
42099 5.3316E-03
60142 8.1149E-05
62151 1.1557E-02
64152 4.4932E-07
4009 6.8461E-08
58144 2.2921E-01
50123 2.4605E-04
44104 9.5222E-02
32073 1.2281E-05
66163 3.8772E-06
50119 9.1567E-04
34082 1.4921E-02
56136 4.3097E-04
68170 3.4046E-18
57139 2.9587E-01
60143 1.7553E-01
54132 1.9543E-01
50123 2.0643E-07
53130 1.1311E-06
53130 3.9903E-09
54128 2.9213E-05
50116 6.6504E-05
47107 1.0842E-10
48113 1.0732E-04
41093 9.6004E-09
41093 1.3562E-09
63153 9.2475E-03
42096 7.3611E-05
46105 4.5135E-02
1003 5.1393E-04
33075 7.3096E-05
52125 5.9161E-06
52125 2.4233E-05
48111 1.1999E-12
65160 8.5564E-07
49115 8.3438E-07
60146 1.4053E-01
41094 7.1807E-08
41094 1.7688E-12
35079 2.5462E-09
35079 2.7877E-16
40094 2.8194E-01
61147 7.3448E-02
55136 2.0678E-04
56137 4.2980E-08
54130 1.2887E-04
63152 1.6942E-06
62152 2.0077E-02
66160 1.7674E-07
53135 9.1515E-04
44103 9.7503E-02
48108 2.3263E-10
64157 5.1849E-05
51124 4.0160E-12
51124 2.7439E-06
42097 2.6673E-01
38086 1.1800E-05
54136 5.5247E-01
60144 1.9521E-02
50120 9.1670E-04
34076 1.4990E-07
54131 1.1064E-01
54131 4.9627E-04
