32070 1.6835E-26
56132 7.7893E-15
90227 3.2430E-19
93236 3.8123E-11
91233 1.2737E-11
92236 7.4667E-01
98250 3.0614E-23
82207 1.3845E-20
92240 3.5981E-07
94241 5.3218E-03
96248 4.4502E-19
92238 1.7004E+02
82208 7.5043E-18
96243 1.0463E-10
92233 2.6932E-08
96250 2.0048E-28
98249 1.7844E-24
95242 3.0088E-08
88224 1.5094E-17
96247 1.4315E-16
90232 6.2709E-10
95241 3.5255E-06
95242 1.9187E-08
91232 5.5558E-12
93235 2.6993E-13
92237 2.6335E-03
98251 1.8036E-24
94236 3.5945E-11
94240 5.4713E-02
83209 4.6680E-23
92239 8.9522E-05
96242 1.0670E-07
91231 1.1891E-09
92234 3.8206E-05
95244 5.8932E-11
95244 1.2692E-11
94244 4.1833E-10
95243 1.2008E-06
94238 3.0336E-05
94243 2.5561E-08
96246 2.6888E-13
99253 4.0019E-31
90229 2.9450E-15
94237 1.5557E-10
98252 3.2630E-26
89227 6.7423E-16
90233 2.9754E-16
96245 5.9972E-11
93239 1.3725E-01
93237 2.4736E-03
92235 3.9112E+01
88226 5.4746E-19
82206 2.2760E-26
94242 1.3103E-04
88223 5.3278E-20
96249 1.3058E-24
90234 1.1189E-09
97249 4.0471E-22
90228 5.7118E-15
94239 6.9292E-01
98253 6.1408E-30
92232 3.4656E-11
98254 7.9503E-33
90230 3.1983E-12
97250 8.2774E-25
96244 1.4837E-08
93238 1.5009E-05
55133 1.2786E-01
39089 2.9155E-14
36080 2.4348E-08
40090 9.4232E-18
40090 3.7817E-04
52122 1.2199E-06
63157 1.4527E-05
62149 3.9240E-03
64153 9.3634E-09
66162 5.1916E-06
39089 1.9623E-02
38087 1.1604E-10
50118 6.5287E-04
56135 2.7518E-08
56135 1.1810E-09
64154 2.4961E-07
59143 1.1316E-01
31069 2.5223E-20
50124 1.0806E-03
51123 6.4946E-04
54135 9.5465E-04
54135 1.0771E-05
54129 1.1678E-08
42100 2.0658E-01
3007 3.2710E-08
46104 3.4795E-04
52126 3.1370E-05
49115 4.1201E-04
50114 5.7943E-11
50117 5.9764E-04
48116 6.1350E-04
52130 5.0554E-02
48112 7.2491E-04
37085 3.2253E-02
41095 5.7475E-05
41095 1.8491E-02
40093 2.0555E-01
55137 2.0026E-01
63152 7.4556E-09
62153 9.5606E-04
32072 2.1422E-06
34079 4.5557E-08
34079 1.7414E-03
44102 1.4140E-01
60145 1.2538E-01
58142 1.9428E-01
47111 5.7039E-04
47111 1.0844E-08
45105 1.3756E-07
45105 3.5976E-03
38090 1.8387E-01
32076 1.5277E-04
48111 6.0306E-04
64160 2.8696E-05
50125 6.0040E-08
56140 1.2311E-01
35081 6.9344E-03
34077 1.2171E-11
34077 2.9763E-04
63151 2.3544E-06
66164 8.2139E-07
46107 9.3708E-03
46107 1.7360E-13
36083 1.7094E-02
36083 2.7241E-05
48113 1.3654E-05
63156 8.6059E-04
68168 9.1560E-09
52123 3.0545E-10
52123 8.7890E-10
62147 1.6187E-04
61148 1.0622E-04
31071 2.1732E-10
44106 1.7189E-02
37086 8.1533E-06
37086 2.2455E-11
66161 5.0583E-06
40096 2.0459E-01
34080 4.1145E-03
38089 1.3518E-01
64155 1.2904E-06
44101 1.6784E-01
56134 4.8088E-06
59142 1.3584E-09
59142 2.9477E-06
50125 2.9982E-04
39091 1.6539E-01
39091 1.5102E-04
54134 2.5212E-01
42098 1.9140E-01
3006 1.5745E-06
47109 2.7441E-03
50115 1.6562E-05
36084 3.3625E-02
67165 4.9421E-07
61148 3.6555E-04
40092 1.9218E-01
36086 6.4627E-02
63155 6.9953E-04
68167 9.5739E-08
68167 5.3983E-17
55134 9.1619E-04
55134 3.1868E-07
62150 2.6320E-02
53129 2.1351E-02
58143 1.7478E-02
44105 1.7389E-04
36082 1.4936E-05
50122 7.1335E-04
51126 2.8831E-09
51126 2.2544E-05
56137 1.4651E-04
34078 6.9363E-04
57138 1.8911E-06
52132 3.2537E-02
44099 1.1479E-08
50126 2.5742E-03
45103 8.0536E-05
45103 1.6246E-02
51121 6.2794E-04
53127 3.3847E-03
54133 7.8956E-02
54133 1.1157E-03
46108 5.1216E-03
61151 1.0914E-03
46106 7.8166E-03
46110 1.6893E-03
49113 1.6993E-08
49113 1.5840E-16
48110 6.6088E-05
52124 2.0349E-07
54134 2.9763E-11
60147 4.1166E-02
60148 5.7374E-02
37087 8.2670E-02
58141 1.5601E-01
40095 1.8687E-01
36085 8.6864E-03
36085 1.6753E-04
60150 2.1629E-02
38088 1.1766E-01
64158 4.7436E-04
64156 3.6366E-04
59141 3.4966E-02
44100 1.0373E-03
32073 1.2629E-12
62154 2.9044E-03
58140 6.4250E-02
51125 1.1433E-03
43099 3.2363E-03
43099 1.5367E-01
38087 1.4584E-07
53131 4.5524E-02
54129 2.0579E-10
32074 2.2233E-05
61149 5.6220E-03
42095 2.5813E-03
65159 6.2622E-05
48114 1.2407E-03
52128 1.4326E-02
39090 1.3076E-09
39090 3.9514E-05
50117 1.9604E-09
57140 1.5135E-02
62148 3.3985E-04
56138 2.2334E-01
47109 9.3162E-08
40091 1.9662E-02
63154 1.7506E-04
68166 1.3404E-07
55135 1.2982E-08
55135 2.3657E-02
50119 8.9190E-06
42099 3.8177E-02
60142 2.4488E-05
62151 8.5461E-03
64152 1.9107E-07
4009 4.9059E-08
58144 1.7151E-01
50123 1.8911E-04
44104 6.6144E-02
32073 8.7558E-06
66163 2.0845E-06
50119 6.4599E-04
34082 1.0755E-02
56136 1.3105E-04
68170 1.4311E-19
57139 2.1251E-01
60143 5.9194E-02
54132 1.0907E-01
50123 1.9465E-07
53130 2.6039E-06
53130 2.5974E-09
54128 1.0475E-05
50116 2.7297E-05
47107 2.6160E-11
48113 9.9290E-05
41093 2.8666E-09
41093 6.3846E-10
63153 5.2225E-03
42096 3.0697E-05
46105 2.7130E-02
1003 3.6601E-04
33075 5.2438E-05
52125 1.5576E-06
52125 5.7704E-06
48111 4.5933E-13
65160 3.8239E-07
49115 7.4593E-06
60146 9.9467E-02
41094 4.3622E-08
41094 1.2796E-12
35079 8.7484E-10
35079 1.7399E-16
40094 2.0285E-01
61147 3.0229E-02
55136 2.5094E-04
56137 3.0822E-08
54130 6.2490E-05
63152 7.3951E-07
62152 1.3235E-02
66160 2.3787E-08
53135 1.6565E-03
44103 9.0105E-02
48108 1.0024E-10
64157 4.2497E-05
51124 3.3408E-12
51124 1.6023E-06
42097 1.8476E-01
38086 2.5828E-06
54136 3.9905E-01
60144 6.1821E-03
50120 6.4599E-04
34076 6.3727E-08
54131 4.7663E-02
54131 3.6521E-04
