32070 4.6145E-27
56132 3.2212E-15
90227 9.7186E-20
93236 8.4014E-12
91233 3.0392E-12
92236 5.0528E-01
98250 1.4433E-25
82207 1.8633E-21
92240 3.5980E-07
94241 1.4943E-03
96248 4.9192E-21
92238 1.7039E+02
82208 8.0920E-19
96243 7.0990E-12
92233 1.2828E-08
96250 1.3468E-30
98249 9.5510E-27
95242 3.6166E-09
88224 2.7689E-18
96247 2.4348E-18
90232 2.8053E-10
95241 6.5036E-07
95242 2.9973E-09
91232 3.5237E-12
93235 2.8961E-14
92237 1.4224E-03
98251 5.3074E-27
94236 7.3001E-12
94240 2.2814E-02
83209 9.1139E-24
92239 9.2837E-05
96242 1.1317E-08
91231 8.1422E-10
92234 2.5549E-05
95244 5.6162E-12
95244 1.2211E-12
94244 4.3823E-11
95243 1.3112E-07
94238 5.7541E-06
94243 3.6182E-09
96246 7.2396E-15
90229 1.1996E-15
94237 3.1003E-11
98252 6.0865E-29
89227 2.9669E-16
90233 1.3708E-16
96245 2.5750E-12
93239 1.3508E-01
93237 8.4834E-04
92235 4.0355E+01
88226 1.6019E-19
82206 9.8079E-28
94242 2.3526E-05
88223 1.1402E-20
96249 1.5889E-26
90234 8.1496E-10
97249 2.9506E-24
90228 1.3763E-15
94239 4.3140E-01
98253 2.9413E-33
92232 1.3406E-11
90230 1.4186E-12
97250 5.8275E-27
96244 9.9504E-10
93238 4.2062E-06
55133 6.6508E-02
39089 2.3963E-14
36080 1.5162E-08
40090 6.8982E-18
40090 2.3239E-04
52122 4.0093E-07
63157 1.2047E-05
62149 3.8203E-03
64153 2.3279E-09
66162 2.7546E-06
39089 9.1095E-03
38087 9.4661E-11
50118 4.3589E-04
56135 1.6203E-08
56135 9.9954E-10
64154 6.1799E-08
59143 8.4930E-02
31069 6.9800E-21
50124 7.2195E-04
51123 4.3137E-04
54135 9.6639E-04
54135 1.0687E-05
54129 6.8998E-09
42100 1.3951E-01
3007 2.2115E-08
46104 1.0169E-04
52126 1.7914E-05
49115 2.5303E-04
50114 1.5921E-11
50117 3.9747E-04
48116 4.0888E-04
52130 3.3926E-02
48112 4.5129E-04
37085 2.1911E-02
41095 3.5046E-05
41095 8.8924E-03
40093 1.3851E-01
55137 1.3530E-01
63152 4.5346E-09
62153 8.5048E-04
32072 1.2787E-06
34079 4.4537E-08
34079 1.1792E-03
44102 9.4986E-02
60145 8.4966E-02
58142 1.3134E-01
47111 4.2695E-04
47111 9.1619E-09
45105 1.2651E-07
45105 3.3170E-03
38090 1.2531E-01
32076 1.0367E-04
48111 2.9591E-04
64160 1.6399E-05
50125 5.6077E-08
56140 9.7356E-02
35081 4.7034E-03
34077 1.2216E-11
34077 1.8844E-04
63151 1.4709E-06
66164 4.2872E-07
46107 5.5268E-03
46107 1.4192E-13
36083 1.1663E-02
36083 2.7345E-05
48113 8.9079E-06
63156 5.3826E-04
68168 3.4574E-09
52123 6.2171E-11
52123 1.7339E-10
62147 5.3292E-05
61148 4.6266E-05
31071 1.4406E-10
44106 1.0658E-02
37086 4.2203E-06
37086 1.9298E-11
66161 2.2035E-06
40096 1.3863E-01
34080 2.7865E-03
38089 9.6374E-02
64155 8.3601E-07
44101 1.1315E-01
56134 9.0578E-07
59142 6.6039E-10
59142 1.2430E-06
50125 2.3723E-04
39091 1.1623E-01
39091 1.5292E-04
54134 1.7027E-01
42098 1.2938E-01
3006 1.0790E-06
47109 1.4832E-03
50115 9.9607E-06
36084 2.2815E-02
67165 2.4018E-07
61148 1.4151E-04
40092 1.3034E-01
36086 4.4022E-02
63155 5.4018E-04
68167 5.3102E-08
68167 2.2531E-17
55134 2.7647E-04
55134 1.6440E-07
62150 1.4828E-02
53129 1.4108E-02
58143 1.7568E-02
44105 1.5993E-04
36082 6.6700E-06
50122 4.7612E-04
51126 2.5769E-09
51126 1.7155E-05
56137 6.9368E-05
34078 4.6820E-04
57138 1.2629E-06
52132 3.1159E-02
44099 4.2332E-09
50126 1.7055E-03
45103 5.6737E-05
45103 7.5435E-03
51121 4.0438E-04
53127 1.8578E-03
54133 6.9793E-02
54133 1.0951E-03
46108 2.8891E-03
61151 1.0702E-03
46106 4.7938E-03
46110 9.8256E-04
49113 7.3928E-09
49113 1.3751E-16
48110 2.3304E-05
52124 8.5838E-08
54134 2.7457E-11
60147 3.3437E-02
60148 3.8489E-02
37087 5.6301E-02
58141 1.1298E-01
40095 1.3133E-01
36085 5.9033E-03
36085 1.6866E-04
60150 1.4532E-02
38088 8.0079E-02
64158 2.7250E-04
64156 1.5023E-04
59141 1.6243E-02
44100 3.6650E-04
32073 1.2515E-12
62154 1.8893E-03
58140 2.8477E-02
51125 7.1512E-04
43099 3.1578E-03
43099 9.1774E-02
38087 9.1087E-08
53131 3.8005E-02
54129 1.0617E-10
32074 1.5015E-05
61149 5.4923E-03
42095 7.9887E-04
65159 3.5802E-05
48114 7.8425E-04
52128 9.5591E-03
39090 1.1458E-09
39090 2.4539E-05
50117 4.6583E-10
57140 1.1235E-02
62148 8.1304E-05
56138 1.5094E-01
47109 6.8965E-08
40091 8.8112E-03
63154 6.7845E-05
68166 5.4700E-08
55135 1.0461E-08
55135 1.5416E-02
50119 5.9876E-06
42099 3.7277E-02
60142 6.7961E-06
62151 6.3018E-03
64152 7.6446E-08
4009 3.3170E-08
58144 1.1734E-01
50123 1.2862E-04
44104 4.3584E-02
32073 5.8940E-06
66163 1.0521E-06
50119 4.3058E-04
34082 7.3065E-03
56136 5.7377E-05
68170 1.3544E-20
57139 1.4388E-01
60143 2.6792E-02
54132 6.3764E-02
50123 1.8649E-07
53130 1.7088E-06
53130 1.7298E-09
54128 3.4567E-06
50116 9.9039E-06
47107 1.0644E-11
48113 9.2785E-05
41093 1.3118E-09
41093 3.3655E-10
63153 3.1177E-03
42096 1.5256E-05
46105 1.6667E-02
1003 2.4583E-04
33075 3.5475E-05
52125 6.7267E-07
52125 2.4210E-06
48111 1.4167E-13
65160 1.4578E-07
49115 7.1454E-06
60146 6.6865E-02
41094 2.5122E-08
41094 1.0043E-12
35079 3.9720E-10
35079 1.1618E-16
40094 1.3762E-01
61147 1.5648E-02
55136 1.6200E-04
56137 2.0866E-08
54130 2.8316E-05
63152 3.0152E-07
62152 8.0588E-03
66160 6.0467E-09
53135 1.6506E-03
44103 6.3489E-02
48108 2.9100E-11
64157 3.5196E-05
51124 2.9379E-12
51124 8.0234E-07
42097 1.2252E-01
38086 9.0017E-07
54136 2.6922E-01
60144 2.6372E-03
50120 4.3100E-04
34076 2.7057E-08
54131 2.4771E-02
54131 2.1662E-04
