32070 5.1648E-26
56132 6.2345E-15
90227 1.3603E-18
93236 1.2692E-10
91233 6.6586E-11
92236 1.0066E+00
98250 2.5664E-21
82207 1.5080E-19
92240 2.0080E-08
94241 1.4617E-02
96248 1.8193E-17
92238 1.6955E+02
82208 9.4956E-17
96243 8.7159E-10
92233 2.8908E-08
96250 1.5341E-26
98249 4.8439E-22
95242 1.5222E-07
88224 1.0144E-16
96247 3.9133E-15
90232 1.6589E-09
95241 2.4557E-05
95242 3.6937E-08
91232 1.2764E-12
93235 5.0954E-13
92237 2.5576E-03
98251 1.8827E-22
94236 1.1725E-10
94240 9.8367E-02
83209 2.4234E-22
92239 7.9791E-05
96242 5.9857E-07
91231 1.9113E-09
92234 5.2704E-05
95244 1.1806E-10
95244 5.8724E-11
94244 2.4474E-09
95243 6.7861E-06
99254 2.1449E-31
99254 1.1690E-30
94238 1.4017E-04
94243 5.0422E-08
96246 4.9511E-12
99253 3.0777E-28
90229 7.3040E-15
94237 1.7523E-10
98252 4.7093E-24
89227 1.8550E-15
90233 7.6402E-16
96245 8.9345E-10
93239 3.3304E-02
93237 7.8107E-03
92235 3.7829E+01
88226 2.4732E-18
82206 8.7425E-25
94242 4.6597E-04
88223 3.2730E-19
96249 6.4124E-23
90234 1.5708E-09
97249 2.6935E-20
90228 2.8987E-14
94239 1.1299E+00
98253 1.0650E-27
92232 8.1600E-11
98254 4.4556E-30
90230 8.4088E-12
97250 5.1819E-23
96244 1.3802E-07
93238 9.6913E-06
55133 2.4800E-01
39089 4.0692E-14
36080 3.5122E-08
40090 1.4854E-17
40090 6.5372E-04
52122 3.5342E-06
63157 4.1423E-06
62149 7.4010E-03
64153 2.9518E-08
66162 8.5121E-06
39089 4.8648E-02
38087 1.4781E-10
50118 8.8466E-04
56135 4.5911E-08
56135 2.2661E-10
64154 1.2305E-06
59143 1.0759E-01
31069 7.4615E-20
50124 1.4631E-03
51123 8.9286E-04
54135 4.4766E-04
54135 6.3514E-06
54129 2.1136E-08
42100 2.7646E-01
3007 4.3724E-08
46104 9.3538E-04
52126 5.5936E-05
49115 6.5284E-04
50114 1.6547E-10
50117 8.1275E-04
48116 8.3305E-04
52130 6.8099E-02
48112 1.0822E-03
37085 4.2908E-02
41095 8.6834E-05
41095 4.2456E-02
40093 2.7674E-01
55137 2.6778E-01
63152 5.3147E-09
62153 2.0304E-04
32072 3.4859E-06
34079 4.9294E-08
34079 2.3243E-03
44102 1.9041E-01
60145 1.6719E-01
58142 2.5965E-01
47111 3.9945E-04
47111 1.4437E-08
45105 1.2067E-07
45105 5.6697E-04
38090 2.4371E-01
32076 2.0345E-04
48111 1.3160E-03
64160 4.4607E-05
50125 7.0296E-08
56140 1.0031E-01
35081 9.2350E-03
34077 1.7194E-12
34077 4.4529E-04
63151 4.5755E-06
66164 1.3333E-06
46107 1.4172E-02
46107 3.2977E-13
36083 2.2605E-02
36083 2.4696E-05
48113 1.8957E-05
63156 9.1205E-04
68168 2.1232E-08
52123 1.0734E-09
52123 3.2385E-09
62147 6.1453E-04
61148 2.0783E-04
31071 2.9622E-10
44106 2.4639E-02
37086 1.1595E-05
37086 3.0052E-11
66161 1.2684E-05
40096 2.7284E-01
34080 5.4897E-03
38089 1.5654E-01
64155 3.6113E-06
44101 2.2518E-01
56134 2.9907E-05
59142 3.6049E-09
59142 1.4497E-06
50125 2.2190E-04
39091 1.9765E-01
39091 5.3823E-05
54134 3.3733E-01
42098 2.5589E-01
3006 2.0641E-06
47109 4.5382E-03
50115 2.6631E-05
36084 4.4781E-02
67165 8.9507E-07
61148 3.8124E-04
40092 2.5590E-01
36086 8.5720E-02
63155 8.1925E-04
68167 1.4913E-07
68167 1.4802E-16
55134 2.3617E-03
55134 6.1147E-07
62150 3.9712E-02
53129 2.9628E-02
58143 2.5226E-03
44105 1.5255E-04
36082 3.1963E-05
50122 9.6698E-04
51126 3.6011E-09
51126 1.9052E-05
56137 3.6646E-04
34078 9.2830E-04
57138 2.6036E-06
52132 9.8677E-03
44099 3.6829E-08
50126 3.5135E-03
45103 9.2202E-05
45103 4.0567E-02
51121 9.0851E-04
53127 6.1875E-03
54133 4.1529E-02
54133 2.3957E-04
46108 8.0300E-03
61151 1.6542E-04
46106 1.1407E-02
46110 2.5878E-03
49113 4.7383E-08
49113 2.0000E-16
48110 1.6078E-04
52124 6.2827E-07
54134 3.5523E-11
60147 3.1131E-02
60148 7.7251E-02
37087 1.0965E-01
58141 1.6942E-01
40095 2.2385E-01
36085 1.1535E-02
36085 1.2639E-04
60150 2.9095E-02
38088 1.5612E-01
64158 7.3951E-04
64156 9.9822E-04
59141 8.5439E-02
44100 2.4228E-03
32073 9.2047E-13
62154 4.0454E-03
58140 1.5546E-01
51125 1.7478E-03
43099 7.7731E-04
43099 2.4934E-01
38087 2.1018E-07
53131 2.9788E-02
54129 2.8376E-10
32074 2.9776E-05
61149 1.1486E-03
42095 1.0776E-02
65159 1.0055E-04
48114 1.7443E-03
52128 1.9382E-02
39090 1.4772E-09
39090 5.9699E-05
50117 4.7260E-09
57140 1.4584E-02
62148 1.4373E-03
56138 2.9913E-01
47109 3.7824E-08
40091 5.0693E-02
63154 3.7816E-04
68166 3.4983E-07
55135 1.8931E-08
55135 3.6786E-02
50119 1.1810E-05
42099 9.6632E-03
60142 6.9938E-05
62151 1.1341E-02
64152 4.0723E-07
4009 6.5574E-08
58144 2.2290E-01
50123 2.4281E-04
44104 9.0784E-02
32073 1.1760E-05
66163 3.5784E-06
50119 8.7595E-04
34082 1.4305E-02
56136 3.4291E-04
68170 1.9919E-18
57139 2.8352E-01
60143 1.4148E-01
54132 1.8203E-01
50123 2.1699E-07
53130 1.0762E-06
53130 3.8987E-09
54128 2.6642E-05
50116 6.0966E-05
47107 7.8019E-11
48113 1.0870E-04
41093 7.2228E-09
41093 1.1645E-09
63153 8.7049E-03
42096 6.5620E-05
46105 4.2502E-02
1003 4.9216E-04
33075 7.0033E-05
52125 4.3372E-06
52125 1.7117E-05
48111 1.1842E-12
65160 8.2382E-07
49115 1.4679E-06
60146 1.3429E-01
41094 6.7130E-08
41094 1.8814E-12
35079 2.0040E-09
35079 2.9678E-16
40094 2.7022E-01
61147 6.1970E-02
55136 2.5426E-04
56137 4.1199E-08
54130 1.1804E-04
63152 1.5347E-06
62152 1.8910E-02
66160 1.1912E-07
53135 9.2165E-04
44103 1.0315E-01
48108 2.1211E-10
64157 5.7377E-05
51124 4.2646E-12
51124 2.7335E-06
42097 2.5544E-01
38086 8.8924E-06
54136 5.3105E-01
60144 1.5170E-02
50120 8.7624E-04
34076 1.3949E-07
54131 9.5369E-02
54131 5.3352E-04
