32070 5.5436E-28
56132 1.7433E-15
90227 9.8544E-21
93236 4.9488E-13
91233 2.2115E-13
92236 2.5434E-01
98250 7.1211E-30
82207 4.1991E-23
92240 3.4260E-07
94241 1.0691E-04
96248 1.3223E-24
92238 1.7076E+02
82208 6.5587E-21
96243 3.1236E-14
92233 1.2512E-08
98249 6.7586E-31
95242 5.7239E-11
88224 9.3479E-20
96247 1.4667E-21
90232 6.9350E-11
95241 2.5412E-08
95242 7.7753E-11
91232 1.3923E-12
93235 5.1709E-15
92237 4.4115E-04
98251 9.3154E-32
94236 3.1056E-13
94240 3.3925E-03
83209 3.6808E-25
92239 8.7108E-05
96242 1.3665E-10
91231 4.1647E-10
92234 1.1661E-05
95244 7.0743E-14
95244 1.9761E-14
94244 5.9653E-13
95243 2.0988E-09
94238 2.3390E-07
94243 1.3943E-10
96246 1.0001E-17
90229 4.1961E-16
94237 1.2689E-11
89227 6.7653E-17
90233 3.5639E-17
96245 7.6476E-15
93239 1.1093E-01
93237 1.2547E-04
92235 4.1644E+01
88226 1.5421E-20
82206 2.7075E-30
94242 7.9665E-07
88223 6.0281E-22
96249 3.8628E-30
90234 4.4346E-10
97249 3.3485E-28
90228 9.3686E-17
94239 1.4490E-01
92232 2.2534E-12
90230 3.0274E-13
97250 6.5499E-31
96244 6.6914E-12
93238 3.3799E-07
55133 1.8178E-02
39089 2.0015E-14
36080 7.1515E-09
40090 4.5661E-18
40090 1.0984E-04
52122 5.2648E-08
63157 9.5480E-06
62149 3.1211E-03
64153 2.2074E-10
66162 1.0207E-06
39089 2.4585E-03
38087 7.6572E-11
50118 2.2186E-04
56135 7.1442E-09
56135 8.1378E-10
64154 5.5799E-09
59143 4.4212E-02
31069 8.0514E-22
50124 3.6802E-04
51123 2.1842E-04
54135 9.6130E-04
54135 1.1001E-05
54129 3.3830E-09
42100 7.2030E-02
3007 1.1434E-08
46104 1.1869E-05
52126 7.3177E-06
49115 9.8338E-05
50114 2.1396E-12
50117 2.0067E-04
48116 2.0776E-04
52130 1.7401E-02
48112 2.0138E-04
37085 1.1335E-02
41095 1.3466E-05
41095 2.4876E-03
40093 7.0193E-02
55137 6.9907E-02
63152 1.9146E-09
62153 7.1055E-04
32072 4.6620E-07
34079 4.7201E-08
34079 6.1045E-04
44102 4.8794E-02
60145 4.3710E-02
58142 6.7833E-02
47111 2.4995E-04
47111 8.0249E-09
45105 1.2078E-07
45105 2.9822E-03
38090 6.5322E-02
32076 5.3794E-05
48111 8.5660E-05
64160 6.8782E-06
50125 5.6370E-08
56140 5.9290E-02
35081 2.4395E-03
34077 1.1645E-11
34077 7.9510E-05
63151 6.4875E-07
66164 1.4977E-07
46107 2.4258E-03
46107 4.2832E-14
36083 6.0653E-03
36083 2.9275E-05
48113 4.4134E-06
63156 2.3409E-04
68168 7.0966E-10
52123 4.7366E-12
52123 1.0077E-11
62147 7.4150E-06
61148 8.6281E-06
31071 7.2962E-11
44106 4.9906E-03
37086 1.5153E-06
37086 1.5849E-11
66161 5.4637E-07
40096 7.1838E-02
34080 1.4433E-03
38089 5.2529E-02
64155 3.3696E-07
44101 5.8119E-02
56134 4.9248E-08
59142 1.6917E-10
59142 2.4220E-07
50125 1.4575E-04
39091 6.1425E-02
39091 1.5808E-04
54134 8.7824E-02
42098 6.6892E-02
3006 5.6494E-07
47109 5.5910E-04
50115 3.8001E-06
36084 1.1836E-02
67165 7.8240E-08
61148 2.2145E-05
40092 6.7206E-02
36086 2.2935E-02
63155 3.2915E-04
68167 2.0667E-08
68167 5.4995E-18
55134 2.8713E-05
55134 4.8805E-08
62150 4.3696E-03
53129 7.0815E-03
58143 1.7179E-02
44105 1.5269E-04
36082 1.8150E-06
50122 2.4233E-04
51126 2.4442E-09
51126 1.0082E-05
56137 2.0897E-05
34078 2.4120E-04
57138 6.5197E-07
52132 2.5481E-02
44099 6.6655E-10
50126 8.6229E-04
45103 3.0542E-05
45103 2.0292E-03
51121 1.8416E-04
53127 5.8821E-04
54133 4.6646E-02
54133 9.3243E-04
46108 1.1886E-03
61151 1.0344E-03
46106 2.0709E-03
46110 4.2263E-04
49113 1.8288E-09
49113 1.2382E-16
48110 4.2866E-06
52124 2.6232E-08
54134 2.7167E-11
60147 2.1016E-02
60148 1.9696E-02
37087 2.9312E-02
58141 6.2338E-02
40095 7.0536E-02
36085 3.0554E-03
36085 1.7907E-04
60150 7.4645E-03
38088 4.1591E-02
64158 1.0831E-04
64156 3.3896E-05
59141 4.2846E-03
44100 5.2967E-05
32073 1.3015E-12
62154 9.3250E-04
58140 6.0122E-03
51125 3.3324E-04
43099 2.6853E-03
43099 3.3859E-02
38087 4.3303E-08
53131 2.4535E-02
54129 5.3698E-11
32074 7.7517E-06
61149 4.9405E-03
42095 1.0379E-04
65159 1.4599E-05
48114 3.5420E-04
52128 4.8673E-03
39090 1.0362E-09
39090 1.0204E-05
50117 3.3820E-11
57140 5.6531E-03
62148 6.6640E-06
56138 7.7672E-02
47109 4.4396E-08
40091 2.1574E-03
63154 1.1994E-05
68166 1.1129E-08
55135 9.5008E-09
55135 7.1211E-03
50119 3.0646E-06
42099 3.1947E-02
60142 6.4749E-07
62151 3.3263E-03
64152 1.6354E-08
4009 1.7151E-08
58144 6.1386E-02
50123 6.6762E-05
44104 2.1929E-02
32073 3.0148E-06
66163 3.5780E-07
50119 2.1877E-04
34082 3.7961E-03
56136 1.4665E-05
68170 2.9969E-22
57139 7.4431E-02
60143 5.8878E-03
54132 2.3075E-02
50123 1.9280E-07
53130 8.6303E-07
53130 9.8515E-10
54128 5.1255E-07
50116 1.5145E-06
47107 2.4127E-12
48113 8.1747E-05
41093 3.5951E-10
41093 1.2429E-10
63153 1.2506E-03
42096 5.8964E-06
46105 7.0292E-03
1003 1.2622E-04
33075 1.8332E-05
52125 1.6635E-07
52125 5.8466E-07
48111 3.0150E-14
65160 2.8801E-08
49115 6.2088E-06
60146 3.4112E-02
41094 1.0651E-08
41094 7.7207E-13
35079 1.0483E-10
35079 5.9156E-17
40094 7.1409E-02
61147 4.7530E-03
55136 7.8942E-05
56137 1.0854E-08
54130 7.6970E-06
63152 6.7363E-08
62152 3.5860E-03
66160 6.2182E-10
53135 1.7035E-03
44103 3.4199E-02
48108 5.7338E-12
64157 2.7135E-05
51124 2.7269E-12
51124 2.7518E-07
42097 5.9608E-02
38086 1.6954E-07
54136 1.3852E-01
60144 6.3019E-04
50120 2.1928E-04
34076 6.4259E-09
54131 7.4763E-03
54131 7.4630E-05
