64157 1.487413e-06
93237 3.487220e-03
44103 2.085480e-03
48111 2.897985e-04
64156 6.450015e-04
38090 1.292832e-02
55135 2.200002e-03
37085 2.347962e-03
60150 2.031833e-03
62149 4.260202e-05
45105 1.086563e-05
58141 2.071312e-03
46105 4.399937e-03
42095 8.978527e-03
44104 8.222031e-03
94237 3.505043e-10
58142 1.577312e-02
94236 1.156642e-09
61147 2.753989e-03
46104 2.619961e-03
98249 9.667103e-14
92233 8.532349e-10
60148 4.963176e-03
38089 2.192862e-03
48110 3.622252e-04
56140 7.286308e-04
98250 1.300207e-12
53129 2.383106e-03
93239 3.086915e-04
92236 4.380955e-02
36086 4.629276e-03
60143 1.057223e-02
36084 2.716445e-03
92235 9.848908e-02
40092 1.464996e-02
36083 1.038109e-03
96242 4.135698e-05
62147 2.880501e-04
63153 1.308244e-03
60144 7.902256e-03
49115 2.830590e-05
92238 1.289071e+00
62153 8.209089e-06
64158 1.972272e-04
55137 1.684000e-02
42098 1.600079e-02
44105 7.524484e-07
55134 1.990000e-03
46107 2.821251e-03
44102 1.354047e-02
96243 6.935397e-07
64155 2.766290e-07
62150 3.529511e-03
94240 8.797445e-03
55133 1.569313e-02
96247 5.753818e-09
63154 1.922360e-04
59141 1.312838e-02
61149 1.375519e-05
60146 9.219413e-03
96244 1.802880e-04
91233 9.841990e-11
96246 7.389585e-07
94244 4.047254e-07
58143 1.778624e-05
44101 1.399518e-02
95243 6.979541e-04
62151 1.537221e-04
96248 2.941775e-10
95244 9.162731e-09
46110 5.846043e-04
90233 2.436207e-16
95241 5.960025e-05
60147 2.115272e-04
63156 1.021578e-04
57139 1.697753e-02
60145 8.986656e-03
54134 2.105873e-02
40093 1.566729e-02
48113 1.074350e-06
54131 5.964522e-03
63155 6.841637e-05
59143 7.522373e-04
42100 1.751418e-02
46108 1.934824e-03
94242 4.171713e-03
42097 1.595483e-02
47109 9.659152e-04
40094 1.573376e-02
48114 1.922689e-04
6000 8.729748e-01
94241 7.311780e-03
97249 1.942180e-12
53127 5.690278e-04
90232 5.903713e-10
45103 6.400990e-03
94243 1.947865e-07
38088 8.533738e-03
54135 1.713179e-06
46106 2.382966e-03
40096 1.627484e-02
94238 9.897025e-04
62154 4.428857e-04
56138 1.823134e-02
62152 1.316138e-03
96245 8.972088e-06
40091 1.041283e-02
43099 1.452005e-02
61148 3.354528e-05
54136 3.484695e-02
8016 2.618920e+00
35081 5.255936e-04
94239 1.528527e-02
93238 9.345400e-06
37087 5.896286e-03
44106 3.286528e-03
92237 1.575106e-04
54132 1.461288e-02
40095 4.433206e-03
93236 3.175942e-10
92239 5.892756e-07
39089 8.687302e-03
95242 1.915077e-06
39091 3.293838e-03
92234 3.482391e-06
42099 6.675374e-05
