64157 9.098615e-07
93237 4.447913e-03
44103 2.379053e-04
48111 3.641611e-04
64156 1.013105e-03
38090 1.374133e-02
55135 2.754986e-03
37085 2.570766e-03
60150 2.278309e-03
62149 2.179624e-05
45105 9.996271e-06
58141 2.010053e-04
46105 5.238187e-03
42095 1.615290e-02
44104 9.474939e-03
94237 1.236126e-10
58142 1.735394e-02
94236 1.358826e-09
61147 2.438400e-03
46104 3.685150e-03
98249 2.754233e-12
92233 1.714954e-09
60148 5.464159e-03
38089 2.382981e-04
48110 5.294484e-04
56140 7.714005e-05
98250 6.952378e-12
53129 2.708878e-03
93239 1.885464e-04
92236 4.573783e-02
36086 5.009151e-03
60143 1.174798e-02
36084 2.993871e-03
92235 8.224616e-02
40092 1.641147e-02
36083 1.082300e-03
96242 4.671109e-05
62147 7.539723e-04
63153 1.528821e-03
60144 1.397465e-02
49115 2.993214e-05
92238 1.269315e+00
62153 5.981880e-06
64158 2.490636e-04
55137 1.836617e-02
42098 1.769881e-02
44105 8.215224e-07
55134 2.123873e-03
46107 3.410087e-03
44102 1.528902e-02
96243 1.094609e-06
64155 2.042104e-06
62150 3.929986e-03
94240 9.258566e-03
55133 1.707645e-02
96247 2.022132e-08
63154 2.359598e-04
59141 1.649687e-02
61149 6.974432e-06
60146 1.044751e-02
96244 3.425843e-04
91233 1.529279e-10
96246 2.086492e-06
94244 6.230200e-07
58143 1.441408e-05
44101 1.543338e-02
95243 1.060048e-03
62151 1.583420e-04
96248 1.320165e-09
95244 1.287391e-08
46110 7.152797e-04
90233 6.643138e-16
95241 2.736786e-04
60147 2.629914e-05
63156 1.498029e-05
57139 1.868771e-02
60145 9.644156e-03
54134 2.327252e-02
40093 1.705365e-02
48113 1.084828e-06
54131 6.377747e-03
63155 8.585583e-05
59143 6.332997e-05
42100 1.938867e-02
46108 2.357442e-03
94242 5.268170e-03
42097 1.753482e-02
47109 1.143851e-03
40094 1.723155e-02
48114 2.257879e-04
6000 8.729748e-01
94241 7.775788e-03
97249 7.174297e-12
53127 6.800505e-04
90232 1.574034e-09
45103 8.660442e-03
94243 3.217930e-07
38088 9.213513e-03
54135 1.611920e-06
46106 4.122755e-03
40096 1.786410e-02
94238 1.484955e-03
62154 5.158027e-04
56138 2.015731e-02
62152 1.368471e-03
96245 2.020028e-05
40091 1.440891e-02
43099 1.570934e-02
61148 8.125016e-06
54136 3.836145e-02
8016 2.618920e+00
35081 5.712509e-04
94239 1.657709e-02
93238 8.181202e-06
37087 6.374137e-03
44106 2.574259e-03
92237 2.938393e-05
54132 1.674177e-02
40095 6.495901e-04
93236 4.153898e-10
92239 5.900989e-07
39089 1.150922e-02
95242 6.540046e-06
39091 4.103138e-04
92234 1.097505e-05
42099 3.305208e-05
