64157 9.416708e-07
93237 4.056417e-03
44103 7.868470e-04
48111 3.140739e-04
64156 7.785120e-04
38090 1.302558e-02
55135 2.366125e-03
37085 2.384421e-03
60150 2.081885e-03
62149 2.519704e-05
45105 1.162123e-05
58141 6.324330e-04
46105 4.610633e-03
42095 1.198113e-02
44104 8.513618e-03
94237 1.835314e-10
58142 1.607500e-02
94236 1.254900e-09
61147 2.700601e-03
46104 2.884850e-03
98249 6.853258e-13
92233 1.082161e-09
60148 5.054898e-03
38089 9.550633e-04
48110 4.170074e-04
56140 1.065027e-04
98250 2.810471e-12
53129 2.479517e-03
93239 2.145979e-04
92236 4.399597e-02
36086 4.686289e-03
60143 1.141045e-02
36084 2.759276e-03
92235 9.652706e-02
40092 1.530501e-02
36083 1.046750e-03
96242 3.615762e-05
62147 4.069655e-04
63153 1.381921e-03
60144 9.483068e-03
49115 2.849787e-05
92238 1.279782e+00
62153 5.458245e-06
64158 2.148961e-04
55137 1.712004e-02
42098 1.632889e-02
44105 9.699316e-07
55134 2.111528e-03
46107 2.961547e-03
44102 1.394186e-02
96243 8.351209e-07
64155 1.449068e-06
62150 3.657596e-03
94240 8.787212e-03
55133 1.597892e-02
96247 9.126856e-09
63154 2.272121e-04
59141 1.483358e-02
61149 8.174638e-06
60146 9.493006e-03
96244 2.344330e-04
91233 1.331880e-10
96246 1.028624e-06
94244 5.009410e-07
58143 1.731317e-05
44101 1.423766e-02
95243 8.098761e-04
62151 1.705966e-04
96248 5.145188e-10
95244 1.061619e-08
46110 6.171489e-04
90233 3.805519e-16
95241 1.309808e-04
60147 3.352623e-05
63156 1.828324e-05
57139 1.729343e-02
60145 9.059831e-03
54134 2.148105e-02
40093 1.588870e-02
48113 1.212495e-06
54131 6.082786e-03
63155 7.995838e-05
59143 9.441575e-05
42100 1.787514e-02
46108 2.039136e-03
94242 4.334647e-03
42097 1.623934e-02
47109 1.007360e-03
40094 1.600441e-02
48114 1.999222e-04
6000 8.729748e-01
94241 8.200650e-03
97249 3.575966e-12
53127 6.009434e-04
90232 8.301047e-10
45103 7.756038e-03
94243 2.862353e-07
38088 8.625873e-03
54135 1.884194e-06
46106 2.842854e-03
40096 1.655937e-02
94238 1.154161e-03
62154 4.657494e-04
56138 1.859138e-02
62152 1.262792e-03
96245 1.376238e-05
40091 1.227551e-02
43099 1.467324e-02
61148 8.821057e-06
54136 3.546588e-02
8016 2.618920e+00
35081 5.326070e-04
94239 1.906103e-02
93238 7.726763e-06
37087 5.966899e-03
44106 3.074666e-03
92237 2.533370e-05
54132 1.516589e-02
40095 2.313084e-03
93236 3.913757e-10
92239 7.897981e-07
39089 1.005348e-02
95242 2.633849e-06
39091 1.595403e-03
92234 5.197461e-06
42099 3.943084e-05
