64157 8.473453e-07
93237 1.170638e-03
44103 2.193815e-03
48111 1.058085e-04
64156 1.427491e-04
38090 8.175657e-03
55135 1.136126e-03
37085 1.461366e-03
60150 1.119835e-03
62149 4.851032e-05
45105 1.097680e-05
58141 2.750010e-03
46105 2.041779e-03
42095 2.656287e-03
44104 4.049757e-03
94237 4.919674e-11
58142 9.290056e-03
94236 1.904129e-10
61147 2.254534e-03
46104 5.145919e-04
98249 6.528602e-17
92233 8.595882e-10
60148 2.880597e-03
38089 2.905338e-03
48110 6.342514e-05
56140 1.037627e-03
98250 8.679712e-16
53129 1.287920e-03
93239 3.325792e-04
92236 3.013902e-02
36086 2.898849e-03
60143 6.830067e-03
36084 1.596990e-03
92235 1.846813e-01
40092 9.944426e-03
36083 7.242887e-04
96242 4.781850e-06
62147 1.019072e-04
63153 5.621629e-04
60144 2.371699e-03
49115 2.093284e-05
92238 1.344776e+00
62153 5.992733e-06
64158 6.184254e-05
55137 9.774360e-03
42098 9.305413e-03
44105 7.831192e-07
55134 5.513331e-04
46107 1.073863e-03
44102 7.360561e-03
96243 3.957023e-08
64155 1.017272e-07
62150 1.872461e-03
94240 6.182025e-03
55133 9.677588e-03
96247 2.038080e-11
63154 6.280370e-05
59141 6.312347e-03
61149 1.568431e-05
60146 5.080473e-03
96244 6.604066e-06
91233 2.474194e-11
96246 5.572456e-09
94244 2.752845e-08
58143 2.627145e-05
44101 8.184030e-03
95243 6.388047e-05
62151 1.381489e-04
96248 4.574152e-13
95244 8.376371e-10
46110 2.117073e-04
90233 9.044112e-17
95241 1.739212e-05
60147 2.979156e-04
63156 3.985427e-05
57139 1.003927e-02
60145 5.695720e-03
54134 1.225732e-02
40093 9.605859e-03
48113 1.005096e-06
54131 3.930193e-03
63155 2.662806e-05
59143 1.102100e-03
42100 1.013376e-02
46108 7.006579e-04
94242 8.577033e-04
42097 9.416095e-03
47109 3.858494e-04
40094 9.474629e-03
48114 8.722653e-05
6000 8.729748e-01
94241 3.773136e-03
97249 2.014697e-15
53127 2.899897e-04
90232 1.834975e-10
45103 3.182092e-03
94243 5.213808e-08
38088 5.350671e-03
54135 2.341937e-06
46106 8.470921e-04
40096 9.697640e-03
94238 1.500461e-04
62154 1.992289e-04
56138 1.074030e-02
62152 8.674418e-04
96245 1.677587e-07
40091 4.512325e-03
43099 8.958895e-03
61148 2.600580e-05
54136 2.009499e-02
8016 2.618920e+00
35081 3.223534e-04
94239 1.481537e-02
93238 3.002546e-06
37087 3.702072e-03
44106 1.476524e-03
92237 1.087966e-04
54132 7.587537e-03
40095 4.918957e-03
93236 7.955725e-11
92239 6.134440e-07
39089 3.953804e-03
95242 4.351806e-07
39091 4.058661e-03
92234 1.565413e-06
42099 9.331010e-05
