98249 4.127597e-24
48113 6.765729e-10
48111 9.352704e-09
48110 2.873091e-09
48114 1.355335e-08
62147 4.019237e-09
40092 1.812988e-06
40093 1.949053e-06
40091 3.295128e-07
40096 1.966583e-06
40094 1.939249e-06
40095 1.647404e-06
46106 9.975812e-08
46107 1.251277e-07
6000 6.505904e-04
46105 2.990466e-07
63154 4.965224e-09
63155 5.306957e-09
46108 7.495033e-08
63153 6.537894e-08
64155 1.106182e-11
94240 9.329186e-07
64157 3.438141e-10
64156 7.554641e-09
64158 6.687039e-09
96247 1.185090e-17
58141 1.278023e-06
45105 2.574818e-08
58143 1.225382e-07
58142 1.858955e-06
59143 8.153231e-07
59141 5.461023e-07
94239 7.017368e-06
94238 3.337645e-09
94237 2.394812e-15
94236 5.460673e-15
8016 1.951768e-03
54134 2.440118e-06
54135 4.079151e-09
54136 3.915808e-06
54131 5.800056e-07
54132 1.210519e-06
93236 3.615382e-15
93237 8.303020e-08
55137 1.941827e-06
93238 8.989156e-10
55134 3.592633e-08
55133 1.501731e-06
49115 4.047127e-09
42100 2.006603e-06
90233 9.168989e-20
90232 1.095502e-14
56138 2.176793e-06
45103 2.572119e-07
96244 3.060868e-11
96245 4.814672e-13
96246 5.263280e-15
91233 7.511126e-16
46104 1.633401e-08
96242 3.516962e-11
96243 1.400636e-13
96248 1.357628e-19
39091 1.436457e-06
44104 6.890056e-07
44105 4.356188e-09
44106 2.087998e-07
92239 1.009088e-08
44101 1.628260e-06
44102 1.397749e-06
44103 8.016911e-07
92235 2.246556e-04
92234 4.172415e-10
92237 5.320352e-08
92236 7.251121e-06
63156 9.436579e-09
92233 1.910553e-13
60150 2.133530e-07
37087 7.798678e-07
37085 3.036792e-07
93239 1.359161e-06
38090 1.734560e-06
46110 2.355156e-08
60146 9.956666e-07
60147 2.838348e-07
95243 6.053684e-10
60145 1.181229e-06
95244 1.104159e-13
94244 2.827182e-13
94242 1.753631e-08
94243 2.024300e-11
60148 5.636749e-07
94241 2.995417e-07
53127 4.042936e-08
61147 3.582746e-07
61149 3.788280e-08
61148 9.196585e-09
53129 2.249676e-07
38088 1.123864e-06
38089 1.141478e-06
56140 8.846262e-07
43099 1.597391e-06
35081 6.628522e-08
36083 1.606175e-07
36084 3.211968e-07
36086 6.113042e-07
62149 2.213505e-08
47109 4.055270e-08
42095 7.835539e-08
42097 1.822979e-06
42098 1.853662e-06
42099 2.478519e-07
92238 1.027877e-03
98250 8.166539e-23
62154 3.198958e-08
62153 9.262436e-09
62152 1.436344e-07
62151 6.400182e-08
62150 2.962736e-07
39089 3.105710e-07
57139 2.023359e-06
95241 3.909070e-10
60144 1.240989e-07
97249 4.854687e-22
95242 7.419913e-12
55135 2.472015e-07
60143 8.512235e-07
