98249 4.219566e-17
48113 1.021601e-09
48111 1.788017e-07
48110 2.250732e-07
48114 1.248463e-07
62147 1.761578e-07
40092 1.020379e-05
40093 1.064830e-05
40091 6.780309e-06
40096 1.103824e-05
40094 1.069831e-05
40095 3.424778e-06
46106 1.469999e-06
46107 1.794447e-06
6000 6.533645e-04
46105 2.866001e-06
63154 1.529624e-07
63155 4.523951e-08
46108 1.225533e-06
63153 8.618118e-07
64155 1.406779e-10
94240 5.920012e-06
64157 1.429115e-09
64156 3.526186e-07
64158 1.230125e-07
96247 2.857178e-12
58141 1.652586e-06
45105 3.496509e-08
58143 7.333802e-08
58142 1.068687e-05
59143 6.224950e-07
59141 8.645753e-06
94239 1.505150e-05
94238 5.883669e-07
94237 2.630521e-13
94236 7.253834e-13
8016 1.960090e-03
54134 1.422946e-05
54135 2.699902e-09
54136 2.344756e-05
54131 3.973816e-06
54132 9.696371e-06
93236 2.615320e-13
93237 2.348413e-06
55137 1.138032e-05
93238 2.832377e-08
55134 1.338677e-06
55133 1.045690e-05
49115 1.857555e-08
42100 1.182777e-05
90233 3.008833e-18
90232 3.606509e-13
56138 1.234263e-05
45103 4.190791e-06
96244 1.025002e-07
96245 5.925153e-09
96246 3.153946e-10
91233 6.274774e-14
46104 1.588221e-06
96242 2.300640e-08
96243 4.017638e-10
96248 1.397600e-13
39091 2.568052e-06
44104 5.429367e-06
44105 5.874106e-09
44106 2.171244e-06
92239 9.834638e-09
44101 9.436900e-06
44102 9.090296e-06
44103 1.628075e-06
92235 8.818845e-05
92234 2.205418e-09
92237 2.465713e-07
92236 3.075977e-05
63156 7.727338e-08
92233 6.655822e-13
60150 1.360859e-06
37087 4.030301e-06
37085 1.601518e-06
93239 1.324269e-06
38090 8.854065e-06
46110 3.704092e-07
60146 6.197825e-06
60147 2.075533e-07
95243 4.086396e-07
60145 6.128926e-06
95244 7.667985e-11
94244 2.471694e-10
94242 2.375330e-06
94243 2.752444e-09
60148 3.347350e-06
94241 6.121171e-06
53127 3.702923e-07
61147 1.865070e-06
61149 4.097260e-08
61148 5.467327e-08
53129 1.595556e-06
38088 5.829957e-06
38089 1.741725e-06
56140 6.753279e-07
43099 9.730276e-06
35081 3.577370e-07
36083 7.320425e-07
36084 1.830318e-06
36086 3.163893e-06
62149 2.375039e-08
47109 6.140753e-07
42095 5.550591e-06
42097 1.076518e-05
42098 1.081778e-05
42099 1.629831e-07
92238 9.686729e-04
98250 5.955474e-16
62154 2.937516e-07
62153 2.921709e-08
62152 8.335588e-07
62151 1.300175e-07
62150 2.361728e-06
39089 5.703524e-06
57139 1.149993e-05
95241 4.178394e-08
60144 4.700006e-06
97249 1.324367e-15
95242 1.564819e-09
55135 1.502053e-06
60143 7.387649e-06
