98249 1.813154e-18
48113 9.898705e-10
48111 1.103436e-07
48110 1.037291e-07
48114 8.576201e-08
62147 1.085281e-07
40092 7.978595e-06
40093 8.396501e-06
40091 4.566069e-06
40096 8.597602e-06
40094 8.371877e-06
40095 3.639124e-06
46106 8.917562e-07
46107 1.148285e-06
6000 6.569966e-04
46105 1.991130e-06
63154 9.141598e-08
63155 2.898939e-08
46108 7.677304e-07
63153 5.800561e-07
64155 8.293353e-11
94240 5.236302e-06
64157 1.039123e-09
64156 1.692536e-07
64158 7.089616e-08
96247 2.692665e-13
58141 1.913730e-06
45105 3.512974e-08
58143 8.829482e-08
58142 8.280035e-06
59143 7.520066e-07
59141 6.105436e-06
94239 1.496524e-05
94238 2.533837e-07
94237 1.065892e-13
94236 3.303263e-13
8016 1.970987e-03
54134 1.096052e-05
54135 3.154500e-09
54136 1.796445e-05
54131 3.242773e-06
54132 7.036949e-06
93236 1.421612e-13
93237 1.444589e-06
55137 8.756784e-06
93238 1.734753e-08
55134 7.602975e-07
55133 8.238330e-06
49115 1.613605e-08
42100 9.088512e-06
90233 1.752788e-18
90232 2.080299e-13
56138 9.562320e-06
45103 3.022966e-06
96244 2.498099e-08
96245 1.103568e-09
96246 4.042928e-11
91233 3.407547e-14
46104 7.621507e-07
96242 8.992269e-09
96243 1.146092e-10
96248 9.534770e-15
39091 2.873790e-06
44104 3.879052e-06
44105 5.906726e-09
44106 1.501049e-06
92239 1.007906e-08
44101 7.295264e-06
44102 6.779936e-06
44103 1.685478e-06
92235 1.213541e-04
92234 1.523723e-09
92237 2.098599e-07
92236 2.602039e-05
63156 4.988894e-08
92233 6.229527e-13
60150 1.022394e-06
37087 3.215841e-06
37085 1.272219e-06
93239 1.361326e-06
38090 7.090426e-06
46110 2.314544e-07
60146 4.646643e-06
60147 2.454047e-07
95243 1.434237e-07
60145 4.920592e-06
95244 2.688783e-11
94244 7.763383e-11
94242 1.168088e-06
94243 1.363943e-09
60148 2.574183e-06
94241 4.609702e-06
53127 2.670866e-07
61147 1.701104e-06
61149 4.331348e-08
61148 5.021769e-08
53129 1.189849e-06
38088 4.656237e-06
38089 2.022352e-06
56140 8.034944e-07
43099 7.677807e-06
35081 2.826868e-07
36083 6.168904e-07
36084 1.414417e-06
36086 2.521667e-06
62149 2.514894e-08
47109 4.028601e-07
42095 3.158710e-06
42097 8.333344e-06
42098 8.329913e-06
42099 1.916749e-07
92238 9.950677e-04
98250 2.857247e-17
62154 2.017596e-07
62153 2.549473e-08
62152 6.888479e-07
62151 1.200783e-07
62150 1.741292e-06
39089 3.930684e-06
57139 8.924171e-06
95241 2.402589e-08
60144 2.639595e-06
97249 7.645127e-17
95242 8.339385e-10
55135 1.117617e-06
60143 5.973751e-06
