98249 9.267452e-15
48113 7.132392e-09
48111 2.003574e-06
48110 2.823527e-06
48114 1.260258e-06
62147 3.352851e-06
40092 9.409842e-05
40093 9.770472e-05
40091 7.941090e-05
40096 1.020769e-04
40094 9.856815e-05
40095 8.344670e-06
46106 2.047293e-05
46107 1.883985e-05
6000 5.243664e-03
46105 2.916655e-05
63154 1.382026e-06
63155 4.775927e-07
46108 1.300062e-05
63153 8.620004e-06
64155 9.941429e-09
94240 5.309166e-05
64157 7.399158e-09
64156 5.278666e-06
64158 1.373903e-06
96247 9.294970e-11
58141 2.825089e-06
45105 4.412146e-08
58143 8.127939e-08
58142 9.910722e-05
59143 9.592007e-07
59141 9.254024e-05
94239 1.084288e-04
94238 7.840485e-06
94237 1.099839e-12
94236 7.861413e-12
8016 1.573097e-02
54134 1.326934e-04
54135 4.664930e-09
54136 2.188689e-04
54131 3.681667e-05
54132 9.461994e-05
93236 2.456659e-12
93237 2.511513e-05
55137 1.052746e-04
93238 3.894208e-08
55134 1.266795e-05
55133 9.791827e-05
49115 1.732724e-07
42100 1.104709e-04
90233 5.955627e-18
90232 6.909331e-12
56138 1.148728e-04
45103 4.849646e-05
96244 1.755069e-06
96245 1.043685e-07
96246 9.630111e-09
91233 8.430868e-13
46104 1.955935e-05
96242 2.513264e-07
96243 5.839919e-09
96248 5.809769e-12
39091 5.693084e-06
44104 5.327252e-05
44105 6.770089e-09
44106 1.686154e-05
92239 8.474568e-09
44101 8.793634e-05
44102 8.665434e-05
44103 3.087212e-06
92235 5.553576e-04
92234 4.583642e-08
92237 2.657623e-07
92236 2.663098e-04
63156 1.607569e-07
92233 8.303948e-12
60150 1.292171e-05
37087 3.661045e-05
37085 1.469218e-05
93239 1.139213e-06
38090 7.946422e-05
46110 3.941400e-06
60146 5.910550e-05
60147 3.056912e-07
95243 5.598178e-06
60145 5.545973e-05
95244 1.230176e-10
94244 3.358570e-09
94242 2.828679e-05
94243 3.499745e-09
60148 3.118255e-05
94241 4.725976e-05
53127 3.797740e-06
61147 1.520806e-05
61149 4.175459e-08
61148 5.997268e-08
53129 1.536501e-05
38088 5.292365e-05
38089 3.466936e-06
56140 9.939803e-07
43099 9.008708e-05
35081 3.273312e-06
36083 6.315901e-06
36084 1.706654e-05
36086 2.876203e-05
62149 1.948337e-07
47109 6.345314e-06
42095 8.474664e-05
42097 1.001426e-04
42098 1.008905e-04
42099 1.842743e-07
92238 7.664478e-03
98250 3.032136e-14
62154 2.903604e-06
62153 3.224221e-08
62152 7.779837e-06
62151 9.892677e-07
62150 2.240496e-05
39089 6.404381e-05
57139 1.066835e-04
95241 1.163859e-06
60144 6.925640e-05
97249 3.904181e-14
95242 2.647194e-08
55135 1.520411e-05
60143 6.819205e-05
