98249 2.402388e-15
48113 1.618925e-09
48111 4.903360e-07
48110 7.124973e-07
48114 3.117766e-07
62147 8.409023e-07
40092 2.300312e-05
40093 2.400874e-05
40091 1.885453e-05
40096 2.510855e-05
40094 2.423980e-05
40095 2.848778e-06
46106 5.124395e-06
46107 4.669972e-06
6000 1.280637e-03
46105 7.195884e-06
63154 3.331820e-07
63155 1.166993e-07
46108 3.223266e-06
63153 2.102032e-06
64155 1.445282e-09
94240 1.288631e-05
64157 1.699440e-09
64156 1.294137e-06
64158 3.396577e-07
96247 2.972012e-11
58141 1.353257e-06
45105 3.279675e-08
58143 6.004098e-08
58142 2.436811e-05
59143 5.374140e-07
59141 2.210497e-05
94239 2.507957e-05
94238 1.945725e-06
94237 3.977160e-13
94236 1.921934e-12
8016 3.841905e-03
54134 3.265186e-05
54135 3.299533e-09
54136 5.385985e-05
54131 8.896274e-06
54132 2.325618e-05
93236 5.675577e-13
93237 5.988541e-06
55137 2.588730e-05
93238 3.155060e-08
55134 3.102981e-06
55133 2.385133e-05
49115 4.163497e-08
42100 2.719143e-05
90233 5.619614e-18
90232 1.778872e-12
56138 2.827007e-05
45103 1.119124e-05
96244 4.645502e-07
96245 2.740064e-08
96246 2.915218e-09
91233 1.960029e-13
46104 4.987635e-06
96242 8.132047e-08
96243 1.564219e-09
96248 2.018114e-12
39091 2.047039e-06
44104 1.314817e-05
44105 5.260824e-09
44106 4.112302e-06
92239 6.452260e-09
44101 2.163801e-05
44102 2.135503e-05
44103 1.362142e-06
92235 1.338526e-04
92234 1.200061e-08
92237 1.793039e-07
92236 6.520560e-05
63156 9.500072e-08
92233 2.022902e-12
60150 3.183933e-06
37087 8.995413e-06
37085 3.612374e-06
93239 8.391468e-07
38090 1.950359e-05
46110 9.779523e-07
60146 1.457329e-05
60147 1.806844e-07
95243 1.410917e-06
60145 1.361092e-05
95244 1.046554e-10
94244 8.434370e-10
94242 7.067130e-06
94243 2.910370e-09
60148 7.669152e-06
94241 1.133342e-05
53127 9.268175e-07
61147 3.615666e-06
61149 3.122897e-08
61148 4.034393e-08
53129 3.758201e-06
38088 1.300274e-05
38089 1.360003e-06
56140 5.800458e-07
43099 2.204192e-05
35081 8.047092e-07
36083 1.541236e-06
36084 4.205664e-06
36086 7.067889e-06
62149 3.379677e-08
47109 1.562320e-06
42095 1.989816e-05
42097 2.460835e-05
42098 2.483162e-05
42099 1.326057e-07
92238 1.871015e-03
98250 1.079059e-14
62154 7.145130e-07
62153 2.499351e-08
62152 1.922128e-06
62151 2.313141e-07
62150 5.476868e-06
39089 1.522669e-05
57139 2.624135e-05
95241 2.628824e-07
60144 1.731963e-05
97249 1.390551e-14
95242 7.365738e-09
55135 3.759137e-06
60143 1.624613e-05
