98249 3.759234e-23
48113 1.012448e-09
48111 1.834371e-08
48110 5.436325e-09
48114 2.356286e-08
62147 1.016649e-08
40092 3.576390e-06
40093 3.395302e-06
40091 7.193578e-07
40096 3.406276e-06
40094 3.359343e-06
40095 2.700091e-06
46106 1.778810e-07
46107 2.176868e-07
6000 1.356121e-03
46105 5.326955e-07
63154 9.258717e-09
63155 9.072576e-09
46108 1.304304e-07
63153 1.219636e-07
64155 2.067551e-11
94240 1.521952e-06
64157 4.829934e-10
64156 1.659743e-08
64158 1.193056e-08
96247 5.003069e-17
58141 2.009312e-06
45105 3.185392e-08
58143 1.575167e-07
58142 3.221385e-06
59143 1.196424e-06
59141 1.157213e-06
94239 9.026762e-06
94238 7.865841e-09
94237 3.376707e-15
94236 1.127382e-14
8016 4.068357e-03
54134 4.225956e-06
54135 6.477186e-09
54136 6.832177e-06
54131 1.112383e-06
54132 2.196776e-06
93236 6.991953e-15
93237 1.581419e-07
55137 3.362587e-06
93238 9.845214e-10
55134 6.896781e-08
55133 2.826221e-06
49115 7.198722e-09
42100 3.475263e-06
90233 7.561282e-20
90232 2.322071e-14
56138 3.758280e-06
45103 5.512372e-07
96244 8.875274e-11
96245 1.532747e-12
96246 2.093655e-14
91233 1.784005e-15
46104 3.630000e-08
96242 9.718135e-11
96243 4.047669e-13
96248 6.483514e-19
39091 2.356341e-06
44104 1.193751e-06
44105 4.770285e-09
44106 3.586726e-07
92239 8.190408e-09
44101 2.810654e-06
44102 2.421195e-06
44103 1.275389e-06
92235 4.821878e-04
92234 5.771550e-10
92237 5.969323e-08
92236 1.166594e-05
63156 1.430665e-08
92233 2.562346e-13
60150 3.695316e-07
37087 1.351679e-06
37085 5.273824e-07
93239 1.212167e-06
38090 3.003145e-06
46110 4.093902e-08
60146 1.716799e-06
60147 4.006796e-07
95243 1.567979e-09
60145 2.049837e-06
95244 9.280805e-14
94244 7.022349e-13
94242 4.032308e-08
94243 1.517508e-11
60148 9.793281e-07
94241 5.192377e-07
53127 7.501102e-08
61147 6.950976e-07
61149 4.905296e-08
61148 1.244148e-08
53129 3.945276e-07
38088 1.946208e-06
38089 1.847906e-06
56140 1.267200e-06
43099 2.878011e-06
35081 1.148011e-07
36083 2.778930e-07
36084 5.586241e-07
36086 1.058722e-06
62149 3.722796e-08
47109 7.169089e-08
42095 2.072235e-07
42097 3.191345e-06
42098 3.210883e-06
42099 3.226496e-07
92238 2.151036e-03
98250 5.189027e-22
62154 5.489523e-08
62153 1.089613e-08
62152 2.656872e-07
62151 9.616540e-08
62150 5.339286e-07
39089 6.687011e-07
57139 3.504987e-06
95241 9.898756e-10
60144 2.791104e-07
97249 2.514280e-21
95242 1.768985e-11
55135 3.846385e-07
60143 1.718235e-06
