98249 2.631700e-19
48113 1.197632e-08
48111 7.172588e-07
48110 4.237938e-07
48114 6.675983e-07
62147 6.129872e-07
40092 7.362335e-05
40093 7.761005e-05
40091 3.067165e-05
40096 7.845954e-05
40094 7.684603e-05
40095 4.653786e-05
46106 5.999374e-06
46107 7.854817e-06
6000 9.205658e-03
46105 1.544614e-05
63154 4.975107e-07
63155 2.077339e-07
46108 5.064621e-06
63153 4.063305e-06
64155 5.370889e-10
94240 5.082620e-05
64157 9.024901e-09
64156 8.411985e-07
64158 4.467380e-07
96247 1.109453e-13
58141 2.861340e-05
45105 4.446227e-07
58143 1.436494e-06
58142 7.500530e-05
59143 1.275688e-05
59141 4.452067e-05
94239 1.823904e-04
94238 8.734320e-07
94237 3.712653e-13
94236 1.218793e-12
8016 2.761693e-02
54134 9.878839e-05
54135 4.855253e-08
54136 1.608441e-04
54131 2.989494e-05
54132 5.843910e-05
93236 6.323850e-13
93237 8.433469e-06
55137 7.876024e-05
93238 9.454536e-08
55134 4.038466e-06
55133 7.415460e-05
49115 1.630778e-07
42100 8.159898e-05
90233 8.948893e-18
90232 1.176329e-12
56138 8.681807e-05
45103 2.190265e-05
96244 3.571109e-08
96245 1.058065e-09
96246 2.546381e-11
91233 1.546595e-13
46104 3.113838e-06
96242 2.318118e-08
96243 1.908384e-10
96248 2.591155e-15
39091 3.883100e-05
44104 3.167158e-05
44105 7.459607e-08
44106 1.132271e-05
92239 1.280479e-07
44101 6.588442e-05
44102 5.884629e-05
44103 2.166108e-05
92235 2.323875e-03
92234 1.399899e-08
92237 1.947860e-06
92236 2.583075e-04
63156 3.755101e-07
92233 6.731396e-12
60150 8.938349e-06
37087 3.018205e-05
37085 1.187448e-05
93239 1.742536e-05
38090 6.679764e-05
46110 1.535599e-06
60146 4.077752e-05
60147 4.048614e-06
95243 3.348049e-07
60145 4.624556e-05
95244 5.785524e-11
94244 1.663273e-10
94242 4.493588e-06
94243 4.850239e-09
60148 2.312319e-05
94241 3.050379e-05
53127 2.159436e-06
61147 1.755328e-05
61149 5.794487e-07
61148 4.746588e-07
53129 1.012803e-05
38088 4.366235e-05
38089 2.871646e-05
56140 1.334549e-05
43099 7.010874e-05
35081 2.616138e-06
36083 6.103377e-06
36084 1.284247e-05
36086 2.364275e-05
62149 3.440381e-07
47109 2.769275e-06
42095 1.541132e-05
42097 7.528148e-05
42098 7.502256e-05
42099 3.042795e-06
92238 1.425130e-02
98250 4.668040e-18
62154 1.560557e-06
62153 2.485106e-07
62152 6.575075e-06
62151 1.457958e-06
62150 1.449193e-05
39089 2.728518e-05
57139 8.110450e-05
95241 1.004178e-07
60144 1.440271e-05
97249 1.545360e-17
95242 2.918033e-09
55135 9.682653e-06
60143 5.273760e-05
