98249 7.587700e-17
48113 1.794300e-09
48111 3.421295e-07
48110 3.977411e-07
48114 2.372892e-07
62147 3.394052e-07
40092 1.946946e-05
40093 2.055518e-05
40091 1.296788e-05
40096 2.124891e-05
40094 2.059844e-05
40095 6.726816e-06
46106 2.764674e-06
46107 3.388406e-06
6000 1.286746e-03
46105 5.484280e-06
63154 2.626501e-07
63155 8.944261e-08
46108 2.307357e-06
63153 1.636778e-06
64155 3.212441e-10
94240 1.215269e-05
64157 1.991596e-09
64156 6.691155e-07
64158 2.285359e-07
96247 4.495074e-12
58141 3.211452e-06
45105 4.116693e-08
58143 8.369249e-08
58142 2.055633e-05
59143 1.147562e-06
59141 1.662432e-05
94239 2.796012e-05
94238 1.056735e-06
94237 4.012370e-13
94236 1.266464e-12
8016 3.860230e-03
54134 2.735692e-05
54135 4.094360e-09
54136 4.508479e-05
54131 7.887867e-06
54132 1.855422e-05
93236 4.256587e-13
93237 4.420895e-06
55137 2.187151e-05
93238 2.701730e-08
55134 2.396548e-06
55133 2.050130e-05
49115 3.786089e-08
42100 2.273156e-05
90233 2.168235e-18
90232 6.820744e-13
56138 2.373404e-05
45103 8.197400e-06
96244 1.682214e-07
96245 8.796525e-09
96246 5.450616e-10
91233 1.178045e-13
46104 2.850966e-06
96242 4.098616e-08
96243 6.708557e-10
96248 2.211772e-13
39091 5.093437e-06
44104 1.034705e-05
44105 6.012618e-09
44106 4.108523e-06
92239 6.939678e-09
44101 1.816892e-05
44102 1.738115e-05
44103 3.122708e-06
92235 1.797316e-04
92234 4.192760e-09
92237 2.744997e-07
92236 5.970246e-05
63156 1.259900e-07
92233 1.322909e-12
60150 2.609181e-06
37087 7.781984e-06
37085 3.091970e-06
93239 1.088362e-06
38090 1.709756e-05
46110 6.965776e-07
60146 1.183499e-05
60147 3.481600e-07
95243 6.960462e-07
60145 1.187373e-05
95244 5.109936e-11
94244 4.029879e-10
94242 4.458859e-06
94243 1.885490e-09
60148 6.437551e-06
94241 1.088867e-05
53127 7.162995e-07
61147 3.809470e-06
61149 4.439715e-08
61148 6.165125e-08
53129 3.061286e-06
38088 1.125625e-05
38089 3.449858e-06
56140 1.172311e-06
43099 1.897214e-05
35081 6.903639e-07
36083 1.421830e-06
36084 3.522054e-06
36086 6.107186e-06
62149 4.841882e-08
47109 1.172828e-06
42095 1.048975e-05
42097 2.075335e-05
42098 2.079120e-05
42099 1.975439e-07
92238 1.916000e-03
98250 9.922388e-16
62154 5.533930e-07
62153 2.745446e-08
62152 1.681529e-06
62151 2.384992e-07
62150 4.540900e-06
39089 1.092796e-05
57139 2.213102e-05
95241 7.988970e-08
60144 8.875805e-06
97249 1.843716e-15
95242 2.563029e-09
55135 2.858061e-06
60143 1.441321e-05
