98249 5.191947e-16
48113 1.571101e-09
48111 3.869987e-07
48110 5.438351e-07
48114 2.507288e-07
62147 4.013915e-07
40092 1.889022e-05
40093 1.963700e-05
40091 1.384893e-05
40096 2.051792e-05
40094 1.981978e-05
40095 4.554121e-06
46106 3.299363e-06
46107 3.733464e-06
6000 1.346194e-03
46105 5.726916e-06
63154 2.851903e-07
63155 9.901325e-08
46108 2.575635e-06
63153 1.703596e-06
64155 7.084263e-10
94240 1.052018e-05
64157 1.725065e-09
64156 9.323675e-07
64158 2.751214e-07
96247 1.513044e-11
58141 2.002601e-06
45105 3.659759e-08
58143 8.342665e-08
58142 1.992090e-05
59143 6.991717e-07
59141 1.714686e-05
94239 2.222176e-05
94238 1.474049e-06
94237 4.863154e-13
94236 1.674921e-12
8016 4.038574e-03
54134 2.664380e-05
54135 4.266909e-09
54136 4.405459e-05
54131 7.247453e-06
54132 1.880535e-05
93236 4.850691e-13
93237 4.897210e-06
55137 2.129814e-05
93238 2.915359e-08
55134 2.788438e-06
55133 1.939414e-05
49115 3.349130e-08
42100 2.217858e-05
90233 2.983092e-18
90232 8.560089e-13
56138 2.303457e-05
45103 8.371662e-06
96244 3.308573e-07
96245 1.968125e-08
96246 1.648442e-09
91233 1.459055e-13
46104 3.748765e-06
96242 5.581555e-08
96243 1.143538e-09
96248 9.034405e-13
39091 3.277172e-06
44104 1.063824e-05
44105 5.877212e-09
44106 4.168350e-06
92239 7.503527e-09
44101 1.764160e-05
44102 1.735676e-05
44103 2.112315e-06
92235 2.277031e-04
92234 5.280111e-09
92237 1.975943e-07
92236 5.391673e-05
63156 1.143708e-07
92233 1.151040e-12
60150 2.589547e-06
37087 7.373278e-06
37085 2.940749e-06
93239 9.818323e-07
38090 1.613585e-05
46110 7.804663e-07
60146 1.180049e-05
60147 2.326088e-07
95243 1.087039e-06
60145 1.116892e-05
95244 9.045105e-11
94244 6.833690e-10
94242 5.558706e-06
94243 2.694858e-09
60148 6.272050e-06
94241 9.923469e-06
53127 7.287917e-07
61147 3.187231e-06
61149 3.882299e-08
61148 4.397416e-08
53129 3.044670e-06
38088 1.065424e-05
38089 2.154331e-06
56140 7.569067e-07
43099 1.798644e-05
35081 6.586438e-07
36083 1.279075e-06
36084 3.426289e-06
36086 5.792649e-06
62149 3.880216e-08
47109 1.258530e-06
42095 1.266964e-05
42097 2.009206e-05
42098 2.025697e-05
42099 1.768679e-07
92238 2.007787e-03
98250 4.838477e-15
62154 5.836360e-07
62153 2.449550e-08
62152 1.557558e-06
62151 2.036277e-07
62150 4.501386e-06
39089 1.144641e-05
57139 2.142888e-05
95241 1.028919e-07
60144 1.092480e-05
97249 6.919541e-15
95242 2.898694e-09
55135 2.908700e-06
60143 1.328118e-05
