98249 5.803877e-15
48113 7.308235e-09
48111 1.887789e-06
48110 2.592669e-06
48114 1.196869e-06
62147 2.662843e-06
40092 9.071259e-05
40093 9.423517e-05
40091 7.398001e-05
40096 9.830330e-05
40094 9.498799e-05
40095 1.185107e-05
46106 1.784452e-05
46107 1.777959e-05
6000 5.250382e-03
46105 2.763230e-05
63154 1.348478e-06
63155 4.625378e-07
46108 1.225298e-05
63153 8.229538e-06
64155 8.751210e-09
94240 5.117333e-05
64157 7.402864e-09
64156 4.806995e-06
64158 1.297742e-06
96247 7.196228e-11
58141 3.740549e-06
45105 4.488833e-08
58143 8.763153e-08
58142 9.542737e-05
59143 1.061929e-06
59141 8.807332e-05
94239 1.121192e-04
94238 7.176588e-06
94237 1.163026e-12
94236 7.571661e-12
8016 1.575112e-02
54134 1.276236e-04
54135 5.003002e-09
54136 2.106204e-04
54131 3.572566e-05
54132 9.049642e-05
93236 2.353792e-12
93237 2.406609e-05
55137 1.015654e-04
93238 3.660882e-08
55134 1.248029e-05
55133 9.454597e-05
49115 1.679989e-07
42100 1.062087e-04
90233 4.570187e-18
90232 5.470920e-12
56138 1.104500e-04
45103 4.598919e-05
96244 1.547543e-06
96245 9.240491e-08
96246 7.661808e-09
91233 7.965264e-13
46104 1.787766e-05
96242 2.270718e-07
96243 5.327154e-09
96248 4.273085e-12
39091 8.226371e-06
44104 5.081232e-05
44105 6.884234e-09
44106 1.759455e-05
92239 8.535449e-09
44101 8.455073e-05
44102 8.303561e-05
44103 4.208030e-06
92235 6.055132e-04
92234 3.516241e-08
92237 2.515242e-07
92236 2.593770e-04
63156 1.576948e-07
92233 7.069557e-12
60150 1.238966e-05
37087 3.536514e-05
37085 1.415103e-05
93239 1.142732e-06
38090 7.706501e-05
46110 3.713063e-06
60146 5.658088e-05
60147 3.309703e-07
95243 5.119793e-06
60145 5.361547e-05
95244 1.097447e-10
94244 3.122455e-09
94242 2.628303e-05
94243 3.260957e-09
60148 3.001338e-05
94241 4.710298e-05
53127 3.596912e-06
61147 1.545075e-05
61149 4.328450e-08
61148 5.860396e-08
53129 1.473196e-05
38088 5.112734e-05
38089 5.020046e-06
56140 1.087157e-06
43099 8.694170e-05
35081 3.157587e-06
36083 6.160441e-06
36084 1.640822e-05
36086 2.777967e-05
62149 2.037428e-07
47109 6.012708e-06
42095 7.493135e-05
42097 9.641190e-05
42098 9.702408e-05
42099 1.967565e-07
92238 7.703596e-03
98250 2.258756e-14
62154 2.774869e-06
62153 3.092928e-08
62152 7.467720e-06
62151 1.008562e-06
62150 2.159711e-05
39089 6.021523e-05
57139 1.026903e-04
95241 8.841496e-07
60144 5.990445e-05
97249 3.025719e-14
95242 1.884798e-08
55135 1.429364e-05
60143 6.652899e-05
