98249 2.527691e-17
48113 1.328492e-08
48111 1.545086e-06
48110 1.424922e-06
48114 1.200246e-06
62147 1.509613e-06
40092 1.117409e-04
40093 1.176124e-04
40091 6.354703e-05
40096 1.203918e-04
40094 1.172227e-04
40095 5.140525e-05
46106 1.248827e-05
46107 1.606019e-05
6000 9.193569e-03
46105 2.783070e-05
63154 1.234058e-06
63155 4.080462e-07
46108 1.073177e-05
63153 8.066584e-06
64155 1.138875e-09
94240 7.448930e-05
64157 1.349099e-08
64156 2.371958e-06
64158 9.898815e-07
96247 3.722039e-12
58141 2.717184e-05
45105 4.701377e-07
58143 1.197078e-06
58142 1.159270e-04
59143 1.070535e-05
59141 8.512680e-05
94239 2.024172e-04
94238 3.491548e-06
94237 1.433581e-12
94236 4.531703e-12
8016 2.758066e-02
54134 1.534626e-04
54135 4.171774e-08
54136 2.516544e-04
54131 4.561497e-05
54132 9.835204e-05
93236 1.901301e-12
93237 1.994781e-05
55137 1.226084e-04
93238 2.260262e-07
55134 1.043708e-05
55133 1.156422e-04
49115 2.284445e-07
42100 1.272484e-04
90233 2.206965e-17
90232 2.886698e-12
56138 1.338751e-04
45103 4.221851e-05
96244 3.397814e-07
96245 1.466716e-08
96246 5.717868e-10
91233 4.709809e-13
46104 1.051592e-05
96242 1.247687e-07
96243 1.565667e-09
96248 1.328557e-13
39091 4.066753e-05
44104 5.426681e-05
44105 7.873322e-08
44106 2.100626e-05
92239 1.262834e-07
44101 1.021798e-04
44102 9.483782e-05
44103 2.382865e-05
92235 1.697050e-03
92234 2.118050e-08
92237 2.730619e-06
92236 3.638337e-04
63156 6.990313e-07
92233 8.679441e-12
60150 1.431293e-05
37087 4.504284e-05
37085 1.781906e-05
93239 1.721693e-05
38090 9.931620e-05
46110 3.235159e-06
60146 6.498499e-05
60147 3.452806e-06
95243 1.968463e-06
60145 6.896989e-05
95244 3.403556e-10
94244 1.068081e-09
94242 1.643500e-05
94243 1.747888e-08
60148 3.605682e-05
94241 6.246486e-05
53127 3.742346e-06
61147 2.402473e-05
61149 5.798935e-07
61148 6.571253e-07
53129 1.664530e-05
38088 6.519537e-05
38089 2.865126e-05
56140 1.135880e-05
43099 1.077230e-04
35081 3.959696e-06
36083 8.652512e-06
36084 1.981204e-05
36086 3.531833e-05
62149 3.430423e-07
47109 5.646826e-06
42095 4.378168e-05
42097 1.167164e-04
42098 1.166182e-04
42099 2.611176e-06
92238 1.393443e-02
98250 4.092604e-16
62154 2.816243e-06
62153 3.327752e-07
62152 9.790293e-06
62151 1.643795e-06
62150 2.436984e-05
39089 5.472977e-05
57139 1.249624e-04
95241 3.279699e-07
60144 3.690347e-05
97249 1.035570e-15
95242 1.107445e-08
55135 1.549354e-05
60143 8.340379e-05
