98249 4.250920e-17
48113 1.030607e-09
48111 1.806168e-07
48110 2.271518e-07
48114 1.261100e-07
62147 1.779948e-07
40092 1.030701e-05
40093 1.075776e-05
40091 6.849672e-06
40096 1.115142e-05
40094 1.080801e-05
40095 3.460254e-06
46106 1.484681e-06
46107 1.812503e-06
6000 6.601803e-04
46105 2.895219e-06
63154 1.543150e-07
63155 4.572075e-08
46108 1.237823e-06
63153 8.704595e-07
64155 1.421438e-10
94240 5.985958e-06
64157 1.438569e-09
64156 3.561695e-07
64158 1.242152e-07
96247 2.877720e-12
58141 1.669495e-06
45105 3.522937e-08
58143 7.390208e-08
58142 1.079633e-05
59143 6.285963e-07
59141 8.734497e-06
94239 1.519166e-05
94238 5.938699e-07
94237 2.650380e-13
94236 7.319453e-13
8016 1.980538e-03
54134 1.437514e-05
54135 2.721992e-09
54136 2.368766e-05
54131 4.015865e-06
54132 9.794826e-06
93236 2.636707e-13
93237 2.371514e-06
55137 1.149680e-05
93238 2.849651e-08
55134 1.351226e-06
55133 1.056596e-05
49115 1.877820e-08
42100 1.194884e-05
90233 3.023936e-18
90232 3.643142e-13
56138 1.246905e-05
45103 4.234775e-06
96244 1.033452e-07
96245 5.966399e-09
96246 3.180863e-10
91233 6.337665e-14
46104 1.603277e-06
96242 2.322501e-08
96243 4.051952e-10
96248 1.407232e-13
39091 2.594858e-06
44104 5.484462e-06
44105 5.914906e-09
44106 2.193083e-06
92239 9.882594e-09
44101 9.533711e-06
44102 9.182794e-06
44103 1.644510e-06
92235 8.913108e-05
92234 2.227691e-09
92237 2.480597e-07
92236 3.107760e-05
63156 7.795488e-08
92233 6.726827e-13
60150 1.374756e-06
37087 4.071752e-06
37085 1.617987e-06
93239 1.331189e-06
38090 8.945128e-06
46110 3.741179e-07
60146 6.260770e-06
60147 2.094763e-07
95243 4.122186e-07
60145 6.192215e-06
95244 7.702619e-11
94244 2.491703e-10
94242 2.399265e-06
94243 2.765569e-09
60148 3.381627e-06
94241 6.177495e-06
53127 3.741015e-07
61147 1.885430e-06
61149 4.126120e-08
61148 5.503495e-08
53129 1.611854e-06
38088 5.889898e-06
38089 1.759895e-06
56140 6.817047e-07
43099 9.831249e-06
35081 3.614155e-07
36083 7.396107e-07
36084 1.849081e-06
36086 3.196423e-06
62149 2.396612e-08
47109 6.203320e-07
42095 5.607008e-06
42097 1.087564e-05
42098 1.092851e-05
42099 1.642622e-07
92238 9.788260e-04
98250 5.996546e-16
62154 2.966831e-07
62153 2.939862e-08
62152 8.426486e-07
62151 1.312218e-07
62150 2.385848e-06
39089 5.761940e-06
57139 1.161781e-05
95241 4.221250e-08
60144 4.747609e-06
97249 1.331530e-15
95242 1.578516e-09
55135 1.517242e-06
60143 7.464160e-06
