98249 4.181867e-24
48113 6.828131e-10
48111 9.450666e-09
48110 2.895536e-09
48114 1.369542e-08
62147 4.071594e-09
40092 1.837184e-06
40093 1.970519e-06
40091 3.334657e-07
40096 1.988112e-06
40094 1.960514e-06
40095 1.665117e-06
46106 1.007631e-07
46107 1.263313e-07
6000 6.584656e-04
46105 3.022161e-07
63154 5.009915e-09
63155 5.365517e-09
46108 7.565060e-08
63153 6.607166e-08
64155 1.117690e-11
94240 9.408625e-07
64157 3.464318e-10
64156 7.638611e-09
64158 6.752404e-09
96247 1.193842e-17
58141 1.291562e-06
45105 2.598285e-08
58143 1.237531e-07
58142 1.879251e-06
59143 8.237882e-07
59141 5.525544e-07
94239 7.070113e-06
94238 3.364339e-09
94237 2.406386e-15
94236 5.499906e-15
8016 1.975393e-03
54134 2.466717e-06
54135 4.118482e-09
54136 3.958806e-06
54131 5.866333e-07
54132 1.223857e-06
93236 3.640382e-15
93237 8.370364e-08
55137 1.962996e-06
93238 9.038037e-10
55134 3.624770e-08
55133 1.518748e-06
49115 4.091918e-09
42100 2.028470e-06
90233 9.224336e-20
90232 1.107770e-14
56138 2.200541e-06
45103 2.602485e-07
96244 3.082065e-11
96245 4.847114e-13
96246 5.303214e-15
91233 7.579902e-16
46104 1.649941e-08
96242 3.547060e-11
96243 1.411577e-13
96248 1.368098e-19
39091 1.451995e-06
44104 6.962906e-07
44105 4.393583e-09
44106 2.108621e-07
92239 1.015392e-08
44101 1.645911e-06
44102 1.412868e-06
44103 8.100279e-07
92235 2.274199e-04
92234 4.205919e-10
92237 5.354211e-08
92236 7.324152e-06
63156 9.525718e-09
92233 1.925886e-13
60150 2.156625e-07
37087 7.884698e-07
37085 3.070280e-07
93239 1.368020e-06
38090 1.753687e-06
46110 2.377501e-08
60146 1.006463e-06
60147 2.867411e-07
95243 6.097587e-10
60145 1.194221e-06
95244 1.107597e-13
94244 2.845148e-13
94242 1.767460e-08
94243 2.031741e-11
60148 5.698134e-07
94241 3.016188e-07
53127 4.087130e-08
61147 3.624674e-07
61149 3.825209e-08
61148 9.270428e-09
53129 2.273921e-07
38088 1.136224e-06
38089 1.153796e-06
56140 8.937016e-07
43099 1.615163e-06
35081 6.701220e-08
36083 1.623662e-07
36084 3.247333e-07
36086 6.180427e-07
62149 2.235214e-08
47109 4.093094e-08
42095 7.937138e-08
42097 1.842976e-06
42098 1.873892e-06
42099 2.503119e-07
92238 1.040372e-03
98250 8.239754e-23
62154 3.231674e-08
62153 9.342610e-09
62152 1.452859e-07
62151 6.463797e-08
62150 2.995474e-07
39089 3.142836e-07
57139 2.045483e-06
95241 3.942804e-10
60144 1.255776e-07
97249 4.893104e-22
95242 7.478172e-12
55135 2.495243e-07
60143 8.611089e-07
