98249 1.826179e-18
48113 9.988358e-10
48111 1.114952e-07
48110 1.046785e-07
48114 8.665374e-08
62147 1.096877e-07
40092 8.063246e-06
40093 8.485546e-06
40091 4.614030e-06
40096 8.688504e-06
40094 8.460410e-06
40095 3.678081e-06
46106 9.008717e-07
46107 1.160080e-06
6000 6.641153e-04
46105 2.011999e-06
63154 9.222028e-08
63155 2.930189e-08
46108 7.755763e-07
63153 5.859272e-07
64155 8.382527e-11
94240 5.295706e-06
64157 1.046379e-09
64156 1.710071e-07
64158 7.160576e-08
96247 2.711067e-13
58141 1.934118e-06
45105 3.541050e-08
58143 8.902349e-08
58142 8.367455e-06
59143 7.597413e-07
59141 6.169904e-06
94239 1.510752e-05
94238 2.557324e-07
94237 1.073561e-13
94236 3.331999e-13
8016 1.992343e-03
54134 1.107619e-05
54135 3.181492e-09
54136 1.815409e-05
54131 3.278214e-06
54132 7.110589e-06
93236 1.432921e-13
93237 1.458850e-06
55137 8.849176e-06
93238 1.745626e-08
55134 7.673820e-07
55133 8.327072e-06
49115 1.631753e-08
42100 9.184406e-06
90233 1.762256e-18
90232 2.101963e-13
56138 9.663289e-06
45103 3.055553e-06
96244 2.517034e-08
96245 1.110772e-09
96246 4.075692e-11
91233 3.442089e-14
46104 7.692982e-07
96242 9.076783e-09
96243 1.155307e-10
96248 9.596133e-15
39091 2.904788e-06
44104 3.919508e-06
44105 5.950503e-09
44106 1.516488e-06
92239 1.013130e-08
44101 7.372397e-06
44102 6.850985e-06
44103 1.703123e-06
92235 1.226994e-04
92234 1.539412e-09
92237 2.111824e-07
92236 2.629626e-05
63156 5.034279e-08
92233 6.290664e-13
60150 1.033151e-06
37087 3.249966e-06
37085 1.285718e-06
93239 1.368793e-06
38090 7.165670e-06
46110 2.338190e-07
60146 4.695335e-06
60147 2.478001e-07
95243 1.446222e-07
60145 4.972988e-06
95244 2.700382e-11
94244 7.821082e-11
94242 1.179871e-06
94243 1.370639e-09
60148 2.601354e-06
94241 4.651871e-06
53127 2.699179e-07
61147 1.720259e-06
61149 4.364233e-08
61148 5.056354e-08
53129 1.202345e-06
38088 4.705569e-06
38089 2.044183e-06
56140 8.114781e-07
43099 7.760014e-06
35081 2.856838e-07
36083 6.234586e-07
36084 1.429377e-06
36086 2.548417e-06
62149 2.538542e-08
47109 4.070465e-07
42095 3.191498e-06
42097 8.421516e-06
42098 8.417805e-06
42099 1.932774e-07
92238 1.005901e-03
98250 2.875941e-17
62154 2.038183e-07
62153 2.565997e-08
62152 6.966518e-07
62151 1.212511e-07
62150 1.759575e-06
39089 3.972039e-06
57139 9.018486e-06
95241 2.427255e-08
60144 2.667060e-06
97249 7.685447e-17
95242 8.411636e-10
55135 1.129191e-06
60143 6.037540e-06
