98249 6.688388e-18
48113 8.937651e-12
48111 2.804634e-09
48110 4.090078e-09
48114 1.792120e-09
62147 3.617421e-09
40092 1.323124e-07
40093 1.366976e-07
40091 1.050673e-07
40096 1.431702e-07
40094 1.381683e-07
40095 2.019297e-08
46106 2.612040e-08
46107 2.694690e-08
6000 7.099715e-06
46105 4.098290e-08
63154 1.963279e-09
63155 6.971687e-10
46108 1.862375e-08
63153 1.203859e-08
64155 4.748399e-12
94240 7.285120e-08
64157 1.002837e-11
64156 7.231884e-09
64158 1.985115e-09
96247 1.437053e-13
58141 8.193373e-09
45105 2.573134e-10
58143 4.728614e-10
58142 1.390511e-07
59143 3.379388e-09
59141 1.255117e-07
94239 1.371789e-07
94238 1.109542e-08
94237 2.933011e-15
94236 1.195419e-14
8016 2.129911e-05
54134 1.863502e-07
54135 1.893133e-11
54136 3.081404e-07
54131 5.021227e-08
54132 1.327991e-07
93236 3.311986e-15
93237 3.459427e-08
55137 1.485490e-07
93238 2.521184e-10
55134 1.933432e-08
55133 1.350985e-07
49115 2.328431e-10
42100 1.552072e-07
90233 3.173802e-20
90232 7.656830e-15
56138 1.610470e-07
45103 6.285372e-08
96244 2.640916e-09
96245 1.537192e-10
96246 1.499424e-11
91233 1.130751e-15
46104 2.850806e-08
96242 4.484513e-10
96243 8.846638e-12
96248 9.076899e-15
39091 1.389552e-08
44104 7.544072e-08
44105 4.099320e-11
44106 2.734754e-08
92239 5.002412e-11
44101 1.233674e-07
44102 1.221343e-07
44103 9.031588e-09
92235 6.905562e-07
92234 4.835833e-11
92237 1.391980e-09
92236 3.692276e-07
63156 7.185975e-10
92233 8.894602e-15
60150 1.820436e-08
37087 5.119024e-08
37085 2.048218e-08
93239 6.777042e-09
38090 1.115859e-07
46110 5.650221e-09
60146 8.307903e-08
60147 1.242148e-09
95243 8.277165e-09
60145 7.743278e-08
95244 8.068234e-13
94244 5.102647e-12
94242 4.122176e-08
94243 2.388840e-11
60148 4.381951e-08
94241 6.573042e-08
53127 5.222687e-09
61147 2.107917e-08
61149 2.581613e-10
61148 3.296445e-10
53129 2.149799e-08
38088 7.396400e-08
38089 8.796788e-09
56140 3.819863e-09
43099 1.251881e-07
35081 4.582951e-09
36083 8.742671e-09
36084 2.397237e-08
36086 4.022601e-08
62149 1.745907e-10
47109 9.030099e-09
42095 1.054270e-07
42097 1.403497e-07
42098 1.417117e-07
42099 1.067624e-09
92238 1.033859e-05
98250 4.828883e-17
62154 4.134123e-09
62153 2.034236e-10
62152 1.093628e-08
62151 1.287766e-09
62150 3.148313e-08
39089 8.557781e-08
57139 1.496581e-07
95241 1.011691e-09
60144 8.840611e-08
97249 6.532069e-17
95242 2.974920e-11
55135 2.088164e-08
60143 9.189224e-08
