98249 1.479011e-17
48113 8.078068e-12
48111 2.921335e-09
48110 4.508309e-09
48114 1.831935e-09
62147 5.174237e-09
40092 1.303969e-07
40093 1.357037e-07
40091 1.106452e-07
40096 1.425365e-07
40094 1.374018e-07
40095 1.060059e-08
46106 3.144535e-08
46107 2.783033e-08
6000 6.767038e-06
46105 4.212668e-08
63154 1.940933e-09
63155 6.876062e-10
46108 1.928260e-08
63153 1.219785e-08
64155 5.745665e-12
94240 6.999007e-08
64157 9.728737e-12
64156 8.102458e-09
64158 2.063287e-09
96247 2.167777e-13
58141 5.565356e-09
45105 2.211859e-10
58143 4.063681e-10
58142 1.384695e-07
59143 2.824699e-09
59141 1.276236e-07
94239 1.221876e-07
94238 1.227371e-08
94237 2.741725e-15
94236 1.194472e-14
8016 2.030108e-05
54134 1.859915e-07
54135 1.669778e-11
54136 3.071374e-07
54131 4.909328e-08
54132 1.342823e-07
93236 3.280297e-15
93237 3.485388e-08
55137 1.473214e-07
93238 2.509114e-10
55134 1.861431e-08
55133 1.337255e-07
49115 2.270565e-10
42100 1.550143e-07
90233 4.606628e-20
90232 1.111384e-14
56138 1.608527e-07
45103 6.383284e-08
96244 3.157778e-09
96245 1.877824e-10
96246 2.097382e-11
91233 1.180889e-15
46104 3.151474e-08
96242 5.735837e-10
96243 1.051387e-11
96248 1.496090e-14
39091 7.112837e-09
44104 7.645765e-08
44105 3.621775e-11
44106 2.326031e-08
92239 4.604685e-11
44101 1.231280e-07
44102 1.228271e-07
44103 5.798667e-09
92235 5.932673e-07
92234 7.477159e-11
92237 1.271776e-09
92236 3.594359e-07
63156 6.752839e-10
92233 1.141898e-14
60150 1.827438e-08
37087 5.066902e-08
37085 2.039495e-08
93239 6.242371e-09
38090 1.095501e-07
46110 5.858376e-09
60146 8.379931e-08
60147 1.055754e-09
95243 9.138612e-09
60145 7.642431e-08
95244 8.809250e-13
94244 5.528899e-12
94242 4.378213e-08
94243 2.370032e-11
60148 4.366621e-08
94241 6.133201e-08
53127 5.358628e-09
61147 1.877860e-08
61149 2.236284e-10
61148 2.858381e-10
53129 2.153375e-08
38088 7.320980e-08
38089 4.695768e-09
56140 3.219098e-09
43099 1.240188e-07
35081 4.546627e-09
36083 8.466674e-09
36084 2.396686e-08
36086 3.982963e-08
62149 1.540093e-10
47109 9.210146e-09
42095 1.213650e-07
42097 1.397997e-07
42098 1.414837e-07
42099 9.185036e-10
92238 9.800982e-06
98250 8.043217e-17
62154 4.177521e-09
62153 1.911150e-10
62152 1.080605e-08
62151 1.184487e-09
62150 3.123066e-08
39089 8.866762e-08
57139 1.491280e-07
95241 1.545658e-09
60144 1.073803e-07
97249 1.055845e-16
95242 4.786974e-11
55135 2.184266e-08
60143 8.902345e-08
