98249 3.135332e-19
48113 9.006045e-12
48111 1.815089e-09
48110 2.078667e-09
48114 1.263709e-09
62147 1.837065e-09
40092 1.032164e-07
40093 1.094621e-07
40091 6.936251e-08
40096 1.131788e-07
40094 1.096984e-07
40095 3.547607e-08
46106 1.468105e-08
46107 1.805617e-08
6000 6.815784e-06
46105 2.921841e-08
63154 1.352610e-09
63155 4.812423e-10
46108 1.229027e-08
63153 8.647705e-09
64155 1.465919e-12
94240 6.594607e-08
64157 9.453944e-12
64156 3.550932e-09
64158 1.202717e-09
96247 2.054181e-14
58141 1.690906e-08
45105 2.642873e-10
58143 5.640592e-10
58142 1.094605e-07
59143 6.101247e-09
59141 8.874384e-08
94239 1.401669e-07
94238 5.503066e-09
94237 1.985945e-15
94236 6.561924e-15
8016 2.044732e-05
54134 1.456814e-07
54135 2.208993e-11
54136 2.401006e-07
54131 4.204855e-08
54132 9.845406e-08
93236 2.138758e-15
93237 2.310098e-08
55137 1.164782e-07
93238 1.727370e-10
55134 1.254840e-08
55133 1.090564e-07
49115 2.026465e-10
42100 1.210703e-07
90233 1.510327e-20
90232 3.663270e-15
56138 1.264227e-07
45103 4.398366e-08
96244 8.450392e-10
96245 4.124636e-11
96246 2.691713e-12
91233 6.289085e-16
46104 1.505609e-08
96242 2.186148e-10
96243 3.431399e-12
96248 9.632400e-16
39091 2.680553e-08
44104 5.509421e-08
44105 4.080027e-11
44106 2.183840e-08
92239 4.795668e-11
44101 9.681115e-08
44102 9.249833e-08
44103 1.643486e-08
92235 9.426380e-07
92234 2.227309e-11
92237 1.488414e-09
92236 3.178300e-07
63156 6.815051e-10
92233 7.100529e-15
60150 1.389744e-08
37087 4.145096e-08
37085 1.646855e-08
93239 6.920493e-09
38090 9.106263e-08
46110 3.708719e-09
60146 6.294517e-08
60147 1.922936e-09
95243 3.578954e-09
60145 6.328880e-08
95244 3.463388e-13
94244 2.000840e-12
94242 2.393524e-08
94243 1.312457e-11
60148 3.427649e-08
94241 5.632318e-08
53127 3.809176e-09
61147 2.036006e-08
61149 2.886086e-10
61148 3.616862e-10
53129 1.629827e-08
38088 5.994131e-08
38089 1.817003e-08
56140 6.376718e-09
43099 1.009729e-07
35081 3.678531e-09
36083 7.568181e-09
36084 1.876284e-08
36086 3.253038e-08
62149 2.157351e-10
47109 6.256703e-09
42095 5.641711e-08
42097 1.104587e-07
42098 1.107283e-07
42099 1.279094e-09
92238 1.015308e-05
98250 4.107223e-18
62154 2.931500e-09
62153 1.815311e-10
62152 9.089835e-09
62151 1.204320e-09
62150 2.412038e-08
39089 5.841604e-08
57139 1.178740e-07
95241 4.285590e-10
60144 4.760289e-08
97249 7.163026e-18
95242 1.369788e-11
55135 1.518873e-08
60143 7.651135e-08
