98249 1.066262e-17
48113 8.662564e-12
48111 2.928786e-09
48110 4.404762e-09
48114 1.853668e-09
62147 4.537565e-09
40092 1.347722e-07
40093 1.392427e-07
40091 1.114102e-07
40096 1.460608e-07
40094 1.408726e-07
40095 1.421381e-08
46106 2.957329e-08
46107 2.802814e-08
6000 7.079195e-06
46105 4.248752e-08
63154 1.992442e-09
63155 7.106336e-10
46108 1.939842e-08
63153 1.239782e-08
64155 5.515995e-12
94240 7.360375e-08
64157 1.014195e-11
64156 7.843616e-09
64158 2.071678e-09
96247 1.812413e-13
58141 6.519747e-09
45105 2.491849e-10
58143 4.529755e-10
58142 1.418773e-07
59143 3.180857e-09
59141 1.299328e-07
94239 1.323944e-07
94238 1.193851e-08
94237 2.902459e-15
94236 1.223496e-14
8016 2.123755e-05
54134 1.903604e-07
54135 1.816210e-11
54136 3.145876e-07
54131 5.066956e-08
54132 1.366377e-07
93236 3.361951e-15
93237 3.548512e-08
55137 1.512691e-07
93238 2.588727e-10
55134 1.947646e-08
55133 1.373128e-07
49115 2.357083e-10
42100 1.586080e-07
90233 4.063756e-20
90232 9.623868e-15
56138 1.645772e-07
45103 6.532630e-08
96244 2.967129e-09
96245 1.752361e-10
96246 1.833638e-11
91233 1.188624e-15
46104 3.079488e-08
96242 5.195640e-10
96243 9.820492e-12
96248 1.209857e-14
39091 9.584511e-09
44104 7.768867e-08
44105 3.976544e-11
44106 2.575888e-08
92239 5.049743e-11
44101 1.260249e-07
44102 1.252525e-07
44103 6.942050e-09
92235 6.530731e-07
92234 6.266694e-11
92237 1.391880e-09
92236 3.724024e-07
63156 7.171373e-10
92233 1.062802e-14
60150 1.865220e-08
37087 5.206588e-08
37085 2.089496e-08
93239 6.845532e-09
38090 1.130241e-07
46110 5.888942e-09
60146 8.532098e-08
60147 1.184284e-09
95243 8.865692e-09
60145 7.865680e-08
95244 8.857312e-13
94244 5.437617e-12
94242 4.354454e-08
94243 2.462308e-11
60148 4.472614e-08
94241 6.448871e-08
53127 5.422221e-09
61147 2.031243e-08
61149 2.487489e-10
61148 3.185897e-10
53129 2.203097e-08
38088 7.522690e-08
38089 6.134527e-09
56140 3.617472e-09
43099 1.273671e-07
35081 4.666326e-09
36083 8.793316e-09
36084 2.450956e-08
36086 4.092001e-08
62149 1.671206e-10
47109 9.327792e-09
42095 1.185184e-07
42097 1.432293e-07
42098 1.447851e-07
42099 1.024500e-09
92238 1.027923e-05
98250 6.501587e-17
62154 4.251883e-09
62153 2.044556e-10
62152 1.111226e-08
62151 1.259237e-09
62150 3.206759e-08
39089 8.982524e-08
57139 1.527491e-07
95241 1.332288e-09
60144 1.008673e-07
97249 8.696934e-17
95242 4.018577e-11
55135 2.186449e-08
60143 9.242694e-08
