32070 6.6084E-26
56132 3.0596E-14
90227 4.7909E-18
93236 1.9539E-10
91233 1.8314E-10
92236 1.1201E+00
98250 1.3285E-20
82207 1.2049E-18
92240 1.9911E-08
94241 1.9496E-02
96248 6.5763E-17
92238 1.6939E+02
82208 6.7152E-16
96243 2.1452E-09
92233 3.5134E-08
96250 3.8358E-26
98249 3.4967E-21
95242 4.4198E-07
88224 3.4644E-16
96247 1.2520E-14
90232 3.4568E-09
95241 7.0977E-05
95242 1.0433E-07
91232 1.6618E-12
93235 1.2837E-12
92237 9.4579E-04
98251 1.3176E-21
94236 1.5558E-10
94240 1.2606E-01
83209 7.3354E-22
92239 7.4792E-05
96242 1.6654E-06
91231 3.0086E-09
92234 5.7422E-05
95244 2.1626E-10
95244 1.1036E-10
94244 3.4506E-09
95243 1.1816E-05
99254 2.7875E-30
99254 2.7399E-29
94238 2.3566E-04
94243 8.0175E-08
96246 1.4477E-11
99253 3.7967E-27
90229 1.6035E-14
94237 2.4749E-10
98252 4.0025E-23
89227 4.7249E-15
90233 1.4688E-15
96245 1.9042E-09
93239 1.2916E-02
93237 1.1398E-02
92235 3.7198E+01
88226 8.9611E-18
82206 1.4445E-23
94242 7.6394E-04
88223 1.5452E-18
96249 2.0469E-22
90234 1.9869E-09
97249 9.8367E-20
90228 7.9990E-14
94239 1.2037E+00
98253 8.8348E-27
92232 1.0770E-10
98254 4.2053E-29
90230 1.7287E-11
97250 1.7992E-22
96244 2.7153E-07
93238 1.0057E-05
55133 3.1467E-01
39089 3.9398E-14
36080 4.1271E-08
40090 1.4504E-17
40090 1.0477E-03
52122 4.6065E-06
63157 3.8978E-06
62149 5.1844E-03
64153 4.0302E-08
66162 1.0613E-05
39089 9.1250E-02
38087 1.4863E-10
50118 1.0055E-03
56135 6.1686E-08
56135 2.3263E-10
64154 3.2438E-06
59143 5.6211E-02
31069 9.9644E-20
50124 1.6629E-03
51123 1.0389E-03
54135 4.3380E-04
54135 6.1065E-06
54129 2.6732E-08
42100 3.1275E-01
3007 4.9433E-08
46104 1.4784E-03
52126 7.6468E-05
49115 7.6062E-04
50114 2.7943E-10
50117 9.2497E-04
48116 9.4764E-04
52130 7.7288E-02
48112 1.2573E-03
37085 4.8406E-02
41095 8.5454E-05
41095 6.8689E-02
40093 3.1222E-01
55137 3.0258E-01
63152 1.0100E-08
62153 1.3177E-04
32072 4.0161E-06
34079 4.6747E-08
34079 2.6260E-03
44102 2.1599E-01
60145 1.8871E-01
58142 2.9314E-01
47111 1.7308E-04
47111 1.4026E-08
45105 1.1835E-07
45105 4.6041E-04
38090 2.7417E-01
32076 2.2949E-04
48111 1.8547E-03
64160 5.4294E-05
50125 6.7150E-08
56140 5.1415E-02
35081 1.0422E-02
34077 1.1572E-12
34077 5.0504E-04
63151 8.9374E-06
66164 1.6533E-06
46107 1.7021E-02
46107 3.7030E-13
36083 2.5414E-02
36083 2.3681E-05
48113 2.1753E-05
63156 5.7213E-04
68168 2.7525E-08
52123 1.5156E-09
52123 5.0509E-09
62147 1.7575E-03
61148 2.3545E-04
31071 3.3837E-10
44106 2.8214E-02
37086 8.0625E-06
37086 2.9775E-11
66161 1.8801E-05
40096 3.0806E-01
34080 6.2007E-03
38089 1.3962E-01
64155 7.8447E-06
44101 2.5613E-01
56134 8.4339E-05
59142 6.3028E-09
59142 2.5723E-06
50125 9.9785E-05
39091 1.8198E-01
39091 5.1600E-05
54134 3.8115E-01
42098 2.8929E-01
3006 2.3222E-06
47109 5.6657E-03
50115 3.0784E-05
36084 5.0517E-02
67165 1.1338E-06
61148 2.2485E-04
40092 2.8849E-01
36086 9.6506E-02
63155 9.0711E-04
68167 1.8229E-07
68167 1.8936E-16
55134 3.1593E-03
55134 6.9646E-07
62150 4.8898E-02
53129 3.4757E-02
58143 2.0401E-03
44105 1.4961E-04
36082 3.8965E-05
50122 1.0994E-03
51126 3.4622E-09
51126 9.9829E-06
56137 7.4770E-04
34078 1.0501E-03
57138 3.0099E-06
52132 3.9356E-03
44099 8.6768E-08
50126 4.0123E-03
45103 7.8587E-05
45103 7.5435E-02
51121 1.0341E-03
53127 7.6247E-03
54133 1.2757E-02
54133 9.4365E-05
46108 9.8079E-03
61151 1.4665E-04
46106 1.3300E-02
46110 3.1234E-03
49113 1.0265E-07
49113 1.9589E-16
48110 2.1223E-04
52124 1.3200E-06
54134 3.3970E-11
60147 1.4715E-02
60148 8.7425E-02
37087 1.2346E-01
58141 1.3463E-01
40095 2.1025E-01
36085 1.2966E-02
36085 1.2094E-04
60150 3.3007E-02
38088 1.7579E-01
64158 8.9603E-04
64156 1.7130E-03
59141 1.5333E-01
44100 3.0973E-03
32073 8.8555E-13
62154 4.6246E-03
58140 2.4668E-01
51125 2.1307E-03
43099 3.1239E-04
43099 2.8874E-01
38087 2.4721E-07
53131 1.1630E-02
54129 1.5834E-10
32074 3.3691E-05
61149 6.2654E-04
42095 3.3817E-02
65159 1.2129E-04
48114 2.0212E-03
52128 2.1992E-02
39090 1.4662E-09
39090 6.8326E-05
50117 3.6267E-09
57140 7.3749E-03
62148 2.3995E-03
56138 3.3887E-01
47109 3.8581E-08
40091 9.7880E-02
63154 4.8038E-04
68166 4.7446E-07
55135 2.0161E-08
55135 4.8227E-02
50119 1.2800E-05
42099 4.3405E-03
60142 1.1271E-04
62151 1.1934E-02
64152 5.7475E-07
4009 7.4135E-08
58144 2.4111E-01
50123 2.5185E-04
44104 1.0404E-01
32073 1.3307E-05
66163 4.4887E-06
50119 9.9408E-04
34082 1.6129E-02
56136 5.6843E-04
68170 6.8267E-18
57139 3.2011E-01
60143 2.2458E-01
54132 2.1409E-01
50123 2.0728E-07
53130 1.1988E-06
53130 4.3101E-09
54128 3.5003E-05
50116 7.8425E-05
47107 1.7491E-10
48113 1.0623E-04
41093 1.4634E-08
41093 1.7630E-09
63153 1.0207E-02
42096 9.8670E-05
46105 5.0236E-02
1003 5.5706E-04
33075 7.9126E-05
52125 9.1006E-06
52125 4.0254E-05
48111 1.5320E-12
65160 9.2697E-07
49115 7.3943E-07
60146 1.5274E-01
41094 8.1245E-08
41094 1.8284E-12
35079 3.6926E-09
35079 2.9119E-16
40094 3.0498E-01
61147 8.8747E-02
55136 1.5190E-04
56137 4.6512E-08
54130 1.5182E-04
63152 2.1676E-06
62152 2.2387E-02
66160 2.9861E-07
53135 8.8643E-04
44103 8.7927E-02
48108 2.8668E-10
64157 4.6839E-05
51124 4.1096E-12
51124 2.7841E-06
42097 2.8891E-01
38086 1.6692E-05
54136 5.9442E-01
60144 2.8691E-02
50120 9.9644E-04
34076 1.7132E-07
54131 1.2991E-01
54131 3.6712E-04
