32070 6.0598E-26
56132 1.2476E-14
90227 3.3724E-18
93236 1.7063E-10
91233 1.4440E-10
92236 1.0825E+00
98250 8.2434E-21
82207 6.7550E-19
92240 1.7917E-08
94241 1.7797E-02
96248 4.4197E-17
92238 1.6945E+02
82208 4.0499E-16
96243 1.5600E-09
92233 3.3319E-08
96250 2.7552E-26
98249 2.0515E-21
95242 3.1128E-07
88224 2.5589E-16
96247 8.6495E-15
90232 2.8368E-09
95241 5.4206E-05
95242 8.1578E-08
91232 1.4944E-12
93235 1.0426E-12
92237 1.1784E-03
98251 7.6505E-22
94236 1.4143E-10
94240 1.1678E-01
83209 5.1949E-22
92239 7.6431E-05
96242 1.1753E-06
91231 2.6462E-09
92234 5.5866E-05
95244 1.8890E-10
95244 8.7071E-11
94244 3.0756E-09
95243 9.9246E-06
99254 1.3954E-30
99254 1.1780E-29
94238 2.0019E-04
94243 7.5737E-08
96246 1.0503E-11
99253 1.8791E-27
90229 1.2958E-14
94237 2.3198E-10
98252 2.1523E-23
89227 3.6261E-15
90233 1.1940E-15
96245 1.4891E-09
93239 1.2371E-02
93237 1.0509E-02
92235 3.7407E+01
88226 6.2978E-18
82206 7.0521E-24
94242 6.5622E-04
88223 1.0066E-18
96249 1.2986E-22
90234 1.8746E-09
97249 6.4144E-20
90228 6.1446E-14
94239 1.1848E+00
98253 4.6297E-27
92232 9.7695E-11
98254 2.1168E-29
90230 1.4251E-11
97250 1.2412E-22
96244 2.1938E-07
93238 9.2719E-06
55133 2.9911E-01
39089 3.7728E-14
36080 3.9220E-08
40090 1.3884E-17
40090 9.1146E-04
52122 4.2761E-06
63157 4.0465E-06
62149 5.7058E-03
64153 3.6255E-08
66162 9.8995E-06
39089 7.7576E-02
38087 1.4911E-10
50118 9.6551E-04
56135 5.5457E-08
56135 2.2861E-10
64154 2.5202E-06
59143 6.7935E-02
31069 9.0821E-20
50124 1.5967E-03
51123 9.9032E-04
54135 4.5145E-04
54135 6.2122E-06
54129 2.4786E-08
42100 3.0076E-01
3007 4.7547E-08
46104 1.2585E-03
52126 7.0675E-05
49115 7.2807E-04
50114 2.3314E-10
50117 8.8776E-04
48116 9.0962E-04
52130 7.4253E-02
48112 1.1987E-03
37085 4.6590E-02
41095 8.6997E-05
41095 6.1426E-02
40093 3.0049E-01
55137 2.9109E-01
63152 8.7344E-09
62153 1.3280E-04
32072 3.8513E-06
34079 4.4790E-08
34079 2.5264E-03
44102 2.0754E-01
60145 1.8161E-01
58142 2.8208E-01
47111 2.0784E-04
47111 1.3480E-08
45105 1.2047E-07
45105 4.7066E-04
38090 2.6413E-01
32076 2.2089E-04
48111 1.7154E-03
64160 5.1035E-05
50125 6.4320E-08
56140 6.2235E-02
35081 1.0030E-02
34077 1.1833E-12
34077 4.8577E-04
63151 7.5294E-06
66164 1.5461E-06
46107 1.6065E-02
46107 3.1688E-13
36083 2.4490E-02
36083 2.4310E-05
48113 2.0823E-05
63156 6.5000E-04
68168 2.5304E-08
52123 1.3570E-09
52123 4.3946E-09
62147 1.3359E-03
61148 2.1852E-04
31071 3.2439E-10
44106 2.7032E-02
37086 8.8990E-06
37086 2.7839E-11
66161 1.7171E-05
40096 2.9643E-01
34080 5.9655E-03
38089 1.4482E-01
64155 6.5802E-06
44101 2.4590E-01
56134 6.4425E-05
59142 5.0243E-09
59142 2.1880E-06
50125 1.2287E-04
39091 1.8687E-01
39091 5.3228E-05
54134 3.6670E-01
42098 2.7825E-01
3006 2.2372E-06
47109 5.2860E-03
50115 2.9509E-05
36084 4.8625E-02
67165 1.0520E-06
61148 2.2503E-04
40092 2.7773E-01
36086 9.2955E-02
63155 8.7949E-04
68167 1.7120E-07
68167 1.7172E-16
55134 2.8791E-03
55134 7.6874E-07
62150 4.6224E-02
53129 3.3083E-02
58143 2.0936E-03
44105 1.5230E-04
36082 3.6609E-05
50122 1.0554E-03
51126 3.3234E-09
51126 1.1950E-05
56137 6.1562E-04
34078 1.0097E-03
57138 2.8682E-06
52132 4.2266E-03
44099 6.9374E-08
50126 3.8470E-03
45103 8.2626E-05
45103 6.4450E-02
51121 9.9253E-04
53127 7.2416E-03
54133 1.5804E-02
54133 9.6617E-05
46108 9.2106E-03
61151 1.5056E-04
46106 1.2659E-02
46110 2.9436E-03
49113 8.3409E-08
49113 1.9463E-16
48110 1.9377E-04
52124 1.0877E-06
54134 3.2545E-11
60147 1.8076E-02
60148 8.4088E-02
37087 1.1889E-01
58141 1.4466E-01
40095 2.1455E-01
36085 1.2494E-02
36085 1.2337E-04
60150 3.1712E-02
38088 1.6931E-01
64158 8.4575E-04
64156 1.5073E-03
59141 1.3235E-01
44100 2.8680E-03
32073 9.0327E-13
62154 4.4324E-03
58140 2.2263E-01
51125 2.0218E-03
43099 3.2807E-04
43099 2.7742E-01
38087 2.3474E-07
53131 1.4656E-02
54129 1.7423E-10
32074 3.2398E-05
61149 6.4231E-04
42095 2.4996E-02
65159 1.1429E-04
48114 1.9296E-03
52128 2.1127E-02
39090 1.4755E-09
39090 6.5719E-05
50117 3.8068E-09
57140 8.9972E-03
62148 2.0935E-03
56138 3.2576E-01
47109 3.9279E-08
40091 8.2574E-02
63154 4.4521E-04
68166 4.3983E-07
55135 1.9016E-08
55135 4.4406E-02
50119 1.2481E-05
42099 4.5372E-03
60142 9.5355E-05
62151 1.1747E-02
64152 5.0523E-07
4009 7.1309E-08
58144 2.3524E-01
50123 2.4902E-04
44104 9.9637E-02
32073 1.2795E-05
66163 4.1801E-06
50119 9.5495E-04
34082 1.5528E-02
56136 5.0444E-04
68170 5.0120E-18
57139 3.0801E-01
60143 2.0254E-01
54132 2.0518E-01
50123 2.0105E-07
53130 1.1903E-06
53130 4.0380E-09
54128 3.2039E-05
50116 7.2273E-05
47107 1.4070E-10
48113 1.0653E-04
41093 1.2070E-08
41093 1.5555E-09
63153 9.7304E-03
42096 8.4649E-05
46105 4.7677E-02
1003 5.3559E-04
33075 7.6136E-05
52125 7.5110E-06
52125 3.1967E-05
48111 1.4024E-12
65160 8.8976E-07
49115 7.5841E-07
60146 1.4664E-01
41094 7.6505E-08
41094 1.7506E-12
35079 3.1092E-09
35079 2.7870E-16
40094 2.9349E-01
61147 8.2028E-02
55136 1.7399E-04
56137 4.4745E-08
54130 1.4010E-04
63152 1.9059E-06
62152 2.1227E-02
66160 2.3647E-07
53135 9.0777E-04
44103 9.2438E-02
48108 2.6052E-10
64157 4.8431E-05
51124 3.9346E-12
51124 2.7603E-06
42097 2.7784E-01
38086 1.4369E-05
54136 5.7353E-01
60144 2.4030E-02
50120 9.5657E-04
34076 1.6040E-07
54131 1.2148E-01
54131 4.3194E-04
