32070 4.1474E-26
56132 5.2787E-15
90227 7.3343E-19
93236 1.0037E-10
91233 3.3600E-11
92236 9.8005E-01
98250 1.2065E-21
82207 5.4068E-20
92240 3.6030E-07
94241 1.2611E-02
96248 9.7422E-18
92238 1.6967E+02
82208 3.2297E-17
96243 6.5041E-10
92233 2.4098E-08
96250 6.1948E-27
98249 6.7277E-23
95242 1.2394E-07
88224 4.5596E-17
96247 2.3374E-15
90232 1.1050E-09
95241 1.1237E-05
95242 6.6607E-08
91232 7.4527E-12
93235 2.9048E-13
92237 3.9043E-03
98251 9.7134E-23
94236 1.0156E-10
94240 9.5997E-02
83209 1.5655E-22
92239 6.3136E-05
96242 4.8249E-07
91231 1.5422E-09
92234 4.9686E-05
95244 2.6569E-10
95244 5.0688E-11
94244 1.8872E-09
95243 5.2248E-06
99254 1.1953E-31
99254 3.2723E-31
94238 9.2711E-05
94243 6.8777E-08
96246 3.2534E-12
99253 4.4322E-29
90229 4.6770E-15
94237 1.1926E-10
98252 2.3347E-24
89227 1.1890E-15
90233 4.8992E-16
96245 5.2803E-10
93239 1.3787E-01
93237 5.0696E-03
92235 3.7899E+01
88226 1.2853E-18
82206 1.8417E-25
94242 4.2237E-04
88223 1.5049E-19
96249 3.5082E-23
90234 1.3675E-09
97249 1.1905E-20
90228 1.4791E-14
94239 9.2187E-01
98253 5.6778E-28
92232 6.5401E-11
98254 1.7800E-30
90230 5.5854E-12
97250 2.5110E-23
96244 9.3376E-08
93238 3.3823E-05
55133 1.9412E-01
39089 3.3274E-14
36080 3.4523E-08
40090 1.1560E-17
40090 5.4811E-04
52122 2.5429E-06
63157 1.6943E-05
62149 3.9675E-03
64153 2.4464E-08
66162 8.2803E-06
39089 3.3583E-02
38087 1.3740E-10
50118 8.7277E-04
56135 4.2514E-08
56135 1.3631E-09
64154 6.4990E-07
59143 1.3240E-01
31069 6.1768E-20
50124 1.4440E-03
51123 8.7248E-04
54135 9.4712E-04
54135 1.0850E-05
54129 1.8962E-08
42100 2.7343E-01
3007 4.3245E-08
46104 8.1910E-04
52126 4.7117E-05
49115 5.6884E-04
50114 1.3368E-10
50117 8.0123E-04
48116 8.2153E-04
52130 6.7313E-02
48112 1.0211E-03
37085 4.2412E-02
41095 7.8779E-05
41095 3.0572E-02
40093 2.7161E-01
55137 2.6492E-01
63152 1.0330E-08
62153 1.0690E-03
32072 3.0284E-06
34079 4.5250E-08
34079 2.2988E-03
44102 1.8810E-01
60145 1.6517E-01
58142 2.5682E-01
47111 6.9185E-04
47111 1.2228E-08
45105 1.4888E-07
45105 3.8400E-03
38090 2.4126E-01
32076 2.0125E-04
48111 9.9076E-04
64160 4.3542E-05
50125 6.2184E-08
56140 1.4042E-01
35081 9.1382E-03
34077 1.2047E-11
34077 4.0571E-04
63151 3.2048E-06
66164 1.3086E-06
46107 1.3893E-02
46107 2.5912E-13
36083 2.2380E-02
36083 2.7323E-05
48113 1.8641E-05
63156 1.1762E-03
68168 1.8590E-08
52123 8.9145E-10
52123 2.5808E-09
62147 3.4599E-04
61148 1.7828E-04
31071 2.9255E-10
44106 2.4496E-02
37086 1.2783E-05
37086 2.5365E-11
66161 9.1242E-06
40096 2.6991E-01
34080 5.4307E-03
38089 1.6953E-01
64155 1.6786E-06
44101 2.2230E-01
56134 1.4604E-05
59142 2.3570E-09
59142 5.2894E-06
50125 3.4389E-04
39091 2.0964E-01
39091 1.4921E-04
54134 3.3350E-01
42098 2.5307E-01
3006 2.0532E-06
47109 4.3101E-03
50115 2.3365E-05
36084 4.4307E-02
67165 8.4546E-07
61148 6.6034E-04
40092 2.5296E-01
36086 8.4834E-02
63155 8.3431E-04
68167 1.4667E-07
68167 9.7843E-17
55134 2.0084E-03
55134 4.9720E-07
62150 3.8002E-02
53129 2.8800E-02
58143 1.7309E-02
44105 1.8821E-04
36082 2.6036E-05
50122 9.5399E-04
51126 3.0977E-09
51126 2.6735E-05
56137 2.5229E-04
34078 9.1803E-04
57138 2.5489E-06
52132 3.2833E-02
44099 2.2506E-08
50126 3.4673E-03
45103 1.0218E-04
45103 2.7786E-02
51121 8.5454E-04
53127 5.0362E-03
54133 8.2404E-02
54133 1.1162E-03
46108 7.8395E-03
61151 1.1064E-03
46106 1.1158E-02
46110 2.5313E-03
49113 3.0855E-08
49113 1.7774E-16
48110 1.3959E-04
52124 4.0022E-07
54134 3.1122E-11
60147 4.5923E-02
60148 7.6313E-02
37087 1.0852E-01
58141 1.9261E-01
40095 2.3773E-01
36085 1.1417E-02
36085 1.6677E-04
60150 2.8764E-02
38088 1.5450E-01
64158 7.1246E-04
64156 6.7570E-04
59141 5.9484E-02
44100 2.0805E-03
32073 1.2772E-12
62154 3.9731E-03
58140 1.0922E-01
51125 1.6059E-03
43099 3.2364E-03
43099 2.1584E-01
38087 2.0643E-07
53131 4.9719E-02
54129 3.8867E-10
32074 2.9418E-05
61149 5.7033E-03
42095 5.8329E-03
65159 9.4705E-05
48114 1.7187E-03
52128 1.9168E-02
39090 1.4686E-09
39090 5.4473E-05
50117 5.0462E-09
57140 1.7783E-02
62148 8.7034E-04
56138 2.9511E-01
47109 1.1598E-07
40091 3.4317E-02
63154 3.3388E-04
68166 2.5024E-07
55135 1.6352E-08
55135 3.1842E-02
50119 1.1859E-05
42099 3.8188E-02
60142 5.8835E-05
62151 1.0263E-02
64152 3.5845E-07
4009 6.4860E-08
58144 2.2409E-01
50123 2.4825E-04
44104 8.9559E-02
32073 1.1609E-05
66163 3.4423E-06
50119 8.6502E-04
34082 1.4154E-02
56136 2.3680E-04
68170 7.3474E-19
57139 2.8055E-01
60143 9.9305E-02
54132 1.5592E-01
50123 1.9863E-07
53130 3.5197E-06
53130 3.4912E-09
54128 2.2193E-05
50116 5.3807E-05
47107 5.0343E-11
48113 1.0475E-04
41093 5.0123E-09
41093 1.0241E-09
63153 7.5782E-03
42096 5.6288E-05
46105 3.8329E-02
1003 4.8690E-04
33075 6.9253E-05
52125 2.8347E-06
52125 1.0815E-05
48111 9.8264E-13
65160 7.5944E-07
49115 7.6572E-06
60146 1.3202E-01
41094 6.5730E-08
41094 1.5054E-12
35079 1.5294E-09
35079 2.2411E-16
40094 2.6730E-01
61147 4.6825E-02
55136 3.4004E-04
56137 4.0728E-08
54130 1.1068E-04
63152 1.3706E-06
62152 1.8852E-02
66160 6.2448E-08
53135 1.6641E-03
44103 1.1431E-01
48108 1.8324E-10
64157 4.9550E-05
51124 3.6309E-12
51124 2.6587E-06
42097 2.4656E-01
38086 5.4412E-06
54136 5.2852E-01
60144 1.1302E-02
50120 8.6428E-04
34076 1.1615E-07
54131 7.3483E-02
54131 4.9502E-04
