
%---CR
%---defuel
surf 69 cylz 0.000000 0.000000 71.000000 492.850000 572.850000
surf 71 pz 492.850000
surf 70 pz 572.850000
cell 29 97 Graphite1200 -69 71 -70 1 8 15 22 29 36 43 50 54 19 26 5 47 12 40 33 
%---div
surf 62 cone 0.000000 0.000000 127.500000 45.000000 77.942286
surf 61 pz 127.500000
surf 60 pz 144.820000
cell 23 97 Graphite1200 -62 61 -60 1 8 15 22 29 36 43 50 54 19 26 5 47 12 40 33 
%---conv
surf 68 cone 0.000000 0.000000 492.850000 71.000000 -122.975607
surf 67 pz 430.500000
surf 66 pz 492.850000
cell 27 97 Graphite1200 -68 67 -66 1 8 15 22 29 36 43 50 54 19 26 5 47 12 40 33 
%---act
surf 63 cylz 0.000000 0.000000 35.000000 144.820000 430.500000
surf 65 pz 144.820000
surf 64 pz 430.500000
cell 25 97 Graphite1200 -63 65 -64 1 8 15 22 29 36 43 50 54 19 26 5 47 12 40 33 
%---ent
surf 57 cylz 0.000000 0.000000 45.000000 41.600000 127.500000
surf 59 pz 41.600000
surf 58 pz 127.500000
cell 21 97 Graphite1200 -57 59 -58 1 8 15 22 29 36 43 50 54 19 26 5 47 12 40 33 
