6000 0.000321173333333333
25055 0.00175185454545455
15031 6.99329032258065E-05
16032 4.26911656381377E-05
16033 3.36964578284606E-07
16034 1.89149449943759E-06
16036 8.9857220875895E-07
14028 0.00129042857142857
24050 0.000683602384459175
24052 0.013182591528527
24053 0.00149480005862983
24054 0.000372087373819551
28058 0.00719820016768188
28060 0.00277271917089651
28061 0.000120539215758
28062 0.000384245184267167
28064 9.79116787648313E-05
42092 0.000186130725692655
42094 0.000116018141014626
42095 0.00019967662756247
42096 0.000209208928878267
42097 0.00011978089153402
42098 0.000302650566776533
42100 0.000120784291672524
7014 0.000342765218807083
7015 1.25912911338893E-06
26054 0.003273142835476
26056 0.0517608035982515
26057 0.00124153693759435
26058 0.000158013792057462
