98249 5.381788e-23
48113 4.507142e-09
48111 6.798139e-08
48110 2.072233e-08
48114 9.729089e-08
62147 3.053243e-08
40092 1.323667e-05
40093 1.400499e-05
40091 2.446060e-06
40096 1.411665e-05
40094 1.392188e-05
40095 1.174383e-05
46106 7.356902e-07
46107 8.931521e-07
6000 4.616155e-03
46105 2.131226e-06
63154 3.598462e-08
63155 3.754489e-08
46108 5.343302e-07
63153 4.748869e-07
64155 7.568969e-11
94240 6.527282e-06
64157 2.262571e-09
64156 5.639860e-08
64158 4.816864e-08
96247 1.185586e-16
58141 9.063367e-06
45105 1.752878e-07
58143 8.478767e-07
58142 1.334454e-05
59143 5.735770e-06
59141 4.033226e-06
94239 4.585895e-05
94238 2.508019e-08
94237 1.622075e-14
94236 4.034156e-14
8016 1.384844e-02
54134 1.751426e-05
54135 2.738257e-08
54136 2.820961e-05
54131 4.221405e-06
54132 8.721236e-06
93236 2.616221e-14
93237 5.927881e-07
55137 1.393545e-05
93238 6.170503e-09
55134 2.600274e-07
55133 1.090363e-05
49115 2.905503e-08
42100 1.440027e-05
90233 6.049392e-19
90232 7.989653e-14
56138 1.559164e-05
45103 1.900287e-06
96244 2.544826e-10
96245 4.179806e-12
96246 5.079431e-14
91233 5.552534e-15
46104 1.227814e-07
96242 2.763643e-10
96243 1.125982e-12
96248 1.453718e-18
39091 1.024789e-05
44104 4.937042e-06
44105 2.956713e-08
44106 1.489835e-06
92239 6.433117e-08
44101 1.166827e-05
44102 1.002724e-05
44103 5.687113e-06
92235 1.591940e-03
92234 2.836179e-09
92237 3.578659e-07
92236 5.089264e-05
63156 6.697693e-08
92233 1.301497e-12
60150 1.530537e-06
37087 5.600769e-06
37085 2.181416e-06
93239 8.727862e-06
38090 1.245540e-05
46110 1.679894e-07
60146 7.121155e-06
60147 1.984463e-06
95243 4.809402e-09
60145 8.480492e-06
95244 8.002641e-13
94244 2.311153e-12
94242 1.352297e-07
94243 1.415755e-10
60148 4.053788e-06
94241 2.109161e-06
53127 2.925134e-07
61147 2.610462e-06
61149 2.622183e-07
61148 6.367266e-08
53129 1.617660e-06
38088 8.068782e-06
38089 8.129001e-06
56140 6.205230e-06
43099 1.152801e-05
35081 4.758209e-07
36083 1.172709e-06
36084 2.309730e-06
36086 4.389660e-06
62149 1.494377e-07
47109 2.894508e-07
42095 6.001739e-07
42097 1.310606e-05
42098 1.330402e-05
42099 1.718414e-06
92238 7.298068e-03
98250 1.006276e-21
62154 2.292050e-07
62153 6.393680e-08
62152 1.050937e-06
62151 4.383442e-07
62150 2.146374e-06
39089 2.300313e-06
57139 1.452353e-05
95241 2.908521e-09
60144 9.391577e-07
97249 5.383869e-21
95242 5.552798e-11
55135 1.660205e-06
60143 6.231020e-06
