98249 1.263845e-17
48113 6.642461e-09
48111 7.725431e-07
48110 7.124608e-07
48114 6.001230e-07
62147 7.548065e-07
40092 5.587047e-05
40093 5.880621e-05
40091 3.177352e-05
40096 6.019591e-05
40094 5.861134e-05
40095 2.570263e-05
46106 6.244136e-06
46107 8.030094e-06
6000 4.596784e-03
46105 1.391535e-05
63154 6.170288e-07
63155 2.040231e-07
46108 5.365884e-06
63153 4.033292e-06
64155 5.694373e-10
94240 3.724465e-05
64157 6.745494e-09
64156 1.185979e-06
64158 4.949407e-07
96247 1.861019e-12
58141 1.358592e-05
45105 2.350688e-07
58143 5.985390e-07
58142 5.796349e-05
59143 5.352677e-06
59141 4.256340e-05
94239 1.012086e-04
94238 1.745774e-06
94237 7.167903e-13
94236 2.265852e-12
8016 1.379033e-02
54134 7.673131e-05
54135 2.085887e-08
54136 1.258272e-04
54131 2.280748e-05
54132 4.917602e-05
93236 9.506504e-13
93237 9.973907e-06
55137 6.130419e-05
93238 1.130131e-07
55134 5.218541e-06
55133 5.782108e-05
49115 1.142223e-07
42100 6.362422e-05
90233 1.103482e-17
90232 1.443349e-12
56138 6.693755e-05
45103 2.110925e-05
96244 1.698907e-07
96245 7.333579e-09
96246 2.858934e-10
91233 2.354905e-13
46104 5.257958e-06
96242 6.238434e-08
96243 7.828335e-10
96248 6.642787e-14
39091 2.033377e-05
44104 2.713340e-05
44105 3.936661e-08
44106 1.050313e-05
92239 6.314171e-08
44101 5.108988e-05
44102 4.741891e-05
44103 1.191433e-05
92235 8.485251e-04
92234 1.059025e-08
92237 1.365309e-06
92236 1.819168e-04
63156 3.495157e-07
92233 4.339721e-12
60150 7.156467e-06
37087 2.252142e-05
37085 8.909530e-06
93239 8.608467e-06
38090 4.965810e-05
46110 1.617579e-06
60146 3.249250e-05
60147 1.726403e-06
95243 9.842316e-07
60145 3.448495e-05
95244 1.701778e-10
94244 5.340404e-10
94242 8.217500e-06
94243 8.739441e-09
60148 1.802841e-05
94241 3.123243e-05
53127 1.871173e-06
61147 1.201237e-05
61149 2.899468e-07
61148 3.285626e-07
53129 8.322649e-06
38088 3.259768e-05
38089 1.432563e-05
56140 5.679400e-06
43099 5.386151e-05
35081 1.979848e-06
36083 4.326256e-06
36084 9.906021e-06
36086 1.765917e-05
62149 1.715211e-07
47109 2.823413e-06
42095 2.189084e-05
42097 5.835819e-05
42098 5.830912e-05
42099 1.305588e-06
92238 6.967217e-03
98250 2.046302e-16
62154 1.408122e-06
62153 1.663876e-07
62152 4.895147e-06
62151 8.218973e-07
62150 1.218492e-05
39089 2.736489e-05
57139 6.248119e-05
95241 1.639849e-07
60144 1.845174e-05
97249 5.177849e-16
95242 5.537223e-09
55135 7.746769e-06
60143 4.170190e-05
