98249 2.987777e-16
48113 9.124543e-10
48111 2.427265e-07
48110 3.384358e-07
48114 1.573531e-07
62147 2.484712e-07
40092 1.189132e-05
40093 1.235456e-05
40091 8.680836e-06
40096 1.289997e-05
40094 1.246239e-05
40095 2.912055e-06
46106 2.053403e-06
46107 2.339988e-06
6000 6.681329e-04
46105 3.596947e-06
63154 1.812245e-07
63155 6.183709e-08
46108 1.613784e-06
63153 1.074324e-06
64155 4.139577e-10
94240 6.654119e-06
64157 1.066813e-09
64156 5.776981e-07
64158 1.720380e-07
96247 8.962129e-12
58141 1.263372e-06
45105 1.983507e-08
58143 3.585744e-08
58142 1.252536e-05
59143 4.159983e-07
59141 1.077795e-05
94239 1.428343e-05
94238 9.183653e-07
94237 3.118945e-13
94236 1.048471e-12
8016 2.004395e-03
54134 1.674955e-05
54135 1.825154e-09
54136 2.769859e-05
54131 4.585261e-06
54132 1.183759e-05
93236 3.094673e-13
93237 3.093822e-06
55137 1.338976e-05
93238 1.713376e-08
55134 1.754286e-06
55133 1.225469e-05
49115 2.113386e-08
42100 1.394105e-05
90233 1.744433e-18
90232 5.292875e-13
56138 1.447615e-05
45103 5.254616e-06
96244 2.025642e-07
96245 1.207983e-08
96246 9.746629e-10
91233 9.090139e-14
46104 2.334252e-06
96242 3.480177e-08
96243 7.071892e-10
96248 5.280393e-13
39091 2.096850e-06
44104 6.679365e-06
44105 3.158095e-09
44106 2.630306e-06
92239 3.684611e-09
44101 1.108790e-05
44102 1.090474e-05
44103 1.352090e-06
92235 7.130281e-05
92234 3.243679e-09
92237 1.211614e-07
92236 3.397255e-05
63156 7.145696e-08
92233 7.257342e-13
60150 1.626987e-06
37087 4.637795e-06
37085 1.849684e-06
93239 4.894552e-07
38090 1.015148e-05
46110 4.888747e-07
60146 7.410832e-06
60147 1.301106e-07
95243 6.732011e-07
60145 7.028472e-06
95244 5.232330e-11
94244 4.226238e-10
94242 3.464113e-06
94243 1.566559e-09
60148 3.943661e-06
94241 6.354771e-06
53127 4.585812e-07
61147 2.025290e-06
61149 1.929238e-08
61148 2.660308e-08
53129 1.914435e-06
38088 6.702808e-06
38089 1.369980e-06
56140 4.351805e-07
43099 1.134514e-05
35081 4.142381e-07
36083 8.065263e-07
36084 2.153134e-06
36086 3.643298e-06
62149 2.122012e-08
47109 7.901063e-07
42095 7.869942e-06
42097 1.264252e-05
42098 1.273346e-05
42099 8.091852e-08
92238 9.773893e-04
98250 2.812857e-15
62154 3.665939e-07
62153 1.388521e-08
62152 9.784624e-07
62151 1.284069e-07
62150 2.840854e-06
39089 7.184776e-06
57139 1.347216e-05
95241 6.322408e-08
60144 6.784276e-06
97249 4.129616e-15
95242 1.828097e-09
55135 1.822179e-06
60143 8.419460e-06
