98249 1.315850e-19
48113 5.988162e-09
48111 3.586294e-07
48110 2.118969e-07
48114 3.337991e-07
62147 3.064936e-07
40092 3.681167e-05
40093 3.880502e-05
40091 1.533583e-05
40096 3.922977e-05
40094 3.842301e-05
40095 2.326893e-05
46106 2.999687e-06
46107 3.927408e-06
6000 4.602829e-03
46105 7.723068e-06
63154 2.487553e-07
63155 1.038670e-07
46108 2.532311e-06
63153 2.031652e-06
64155 2.685445e-10
94240 2.541310e-05
64157 4.512451e-09
64156 4.205993e-07
64158 2.233690e-07
96247 5.547266e-14
58141 1.430670e-05
45105 2.223114e-07
58143 7.182470e-07
58142 3.750265e-05
59143 6.378442e-06
59141 2.226033e-05
94239 9.119521e-05
94238 4.367160e-07
94237 1.856327e-13
94236 6.093967e-13
8016 1.380846e-02
54134 4.939419e-05
54135 2.427627e-08
54136 8.042204e-05
54131 1.494747e-05
54132 2.921955e-05
93236 3.161925e-13
93237 4.216735e-06
55137 3.938012e-05
93238 4.727268e-08
55134 2.019233e-06
55133 3.707730e-05
49115 8.153891e-08
42100 4.079949e-05
90233 4.474446e-18
90232 5.881646e-13
56138 4.340904e-05
45103 1.095133e-05
96244 1.785554e-08
96245 5.290325e-10
96246 1.273190e-11
91233 7.732977e-14
46104 1.556919e-06
96242 1.159059e-08
96243 9.541922e-11
96248 1.295578e-15
39091 1.941550e-05
44104 1.583579e-05
44105 3.729804e-08
44106 5.661355e-06
92239 6.402395e-08
44101 3.294221e-05
44102 2.942314e-05
44103 1.083054e-05
92235 1.161937e-03
92234 6.999496e-09
92237 9.739301e-07
92236 1.291537e-04
63156 1.877550e-07
92233 3.365698e-12
60150 4.469174e-06
37087 1.509102e-05
37085 5.937239e-06
93239 8.712681e-06
38090 3.339882e-05
46110 7.677993e-07
60146 2.038876e-05
60147 2.024307e-06
95243 1.674025e-07
60145 2.312278e-05
95244 2.892762e-11
94244 8.316364e-11
94242 2.246794e-06
94243 2.425119e-09
60148 1.156159e-05
94241 1.525189e-05
53127 1.079718e-06
61147 8.776640e-06
61149 2.897244e-07
61148 2.373294e-07
53129 5.064015e-06
38088 2.183117e-05
38089 1.435823e-05
56140 6.672744e-06
43099 3.505437e-05
35081 1.308069e-06
36083 3.051688e-06
36084 6.421234e-06
36086 1.182138e-05
62149 1.720190e-07
47109 1.384638e-06
42095 7.705661e-06
42097 3.764074e-05
42098 3.751128e-05
42099 1.521397e-06
92238 7.125649e-03
98250 2.334020e-18
62154 7.802787e-07
62153 1.242553e-07
62152 3.287537e-06
62151 7.289789e-07
62150 7.245967e-06
39089 1.364259e-05
57139 4.055225e-05
95241 5.020890e-08
60144 7.201355e-06
97249 7.726801e-18
95242 1.459016e-09
55135 4.841326e-06
60143 2.636880e-05
