98249 1.520818e-15
48113 7.834503e-10
48111 2.689828e-07
48110 4.051264e-07
48114 1.682034e-07
62147 4.918837e-07
40092 1.211061e-05
40093 1.259148e-05
40091 1.038140e-05
40096 1.320844e-05
40094 1.273770e-05
40095 8.389656e-07
46106 2.911074e-06
46107 2.546349e-06
6000 6.372645e-04
46105 3.878314e-06
63154 1.797685e-07
63155 6.314905e-08
46108 1.762655e-06
63153 1.130056e-06
64155 8.990886e-10
94240 6.600698e-06
64157 8.378585e-10
64156 7.419901e-07
64158 1.879726e-07
96247 1.775029e-11
58141 3.844801e-07
45105 1.592068e-08
58143 2.814981e-08
58142 1.283117e-05
59143 1.811837e-07
59141 1.195743e-05
94239 1.200524e-05
94238 1.112505e-06
94237 1.990017e-13
94236 1.075064e-12
8016 1.911790e-03
54134 1.722022e-05
54135 1.525059e-09
54136 2.841867e-05
54131 4.617695e-06
54132 1.240519e-05
93236 3.116936e-13
93237 3.258710e-06
55137 1.363139e-05
93238 1.683128e-08
55134 1.681560e-06
55133 1.248414e-05
49115 2.145638e-08
42100 1.434855e-05
90233 3.169906e-18
90232 1.042283e-12
56138 1.489911e-05
45103 6.100261e-06
96244 2.746092e-07
96245 1.637014e-08
96246 1.744148e-09
91233 1.107852e-13
46104 2.822303e-06
96242 4.522579e-08
96243 9.077885e-10
96248 1.199154e-12
39091 5.544712e-07
44104 7.041123e-06
44105 2.561311e-09
44106 2.099209e-06
92239 3.220537e-09
44101 1.140490e-05
44102 1.134271e-05
44103 4.119216e-07
92235 5.819785e-05
92234 7.056068e-09
92237 8.223321e-08
92236 3.357763e-05
63156 4.334743e-08
92233 1.112632e-12
60150 1.688477e-06
37087 4.704950e-06
37085 1.893889e-06
93239 4.164198e-07
38090 1.017143e-05
46110 5.352068e-07
60146 7.740690e-06
60147 6.854248e-08
95243 8.166478e-07
60145 7.104956e-06
95244 5.836391e-11
94244 4.900296e-10
94242 3.962919e-06
94243 1.601721e-09
60148 4.043604e-06
94241 5.792687e-06
53127 4.975981e-07
61147 1.783868e-06
61149 1.484781e-08
61148 1.890198e-08
53129 1.997085e-06
38088 6.799224e-06
38089 3.534724e-07
56140 2.083789e-07
43099 1.154141e-05
35081 4.218404e-07
36083 7.926593e-07
36084 2.217491e-06
36086 3.697948e-06
62149 1.496450e-08
47109 8.468576e-07
42095 1.142531e-05
42097 1.295714e-05
42098 1.309775e-05
42099 6.217018e-08
92238 9.247650e-04
98250 6.395817e-15
62154 3.843847e-07
62153 1.279773e-08
62152 1.002002e-06
62151 1.144180e-07
62150 2.900086e-06
39089 8.317473e-06
57139 1.381687e-05
95241 1.597312e-07
60144 9.915194e-06
97249 8.199697e-15
95242 4.370032e-09
55135 2.020464e-06
60143 8.443310e-06
