98249 2.325842e-27
48113 2.276445e-13
48111 3.371187e-12
48110 1.039712e-12
48114 4.878089e-12
62147 1.466393e-12
40092 6.591481e-10
40093 7.012025e-10
40091 1.196628e-10
40096 7.072506e-10
40094 6.974616e-10
40095 5.913257e-10
46106 3.705468e-11
46107 4.485312e-11
6000 2.263584e-07
46105 1.063850e-10
63154 1.802885e-12
63155 1.883486e-12
46108 2.684761e-11
63153 2.368323e-11
64155 3.728522e-15
94240 3.295781e-10
64157 1.148828e-13
64156 2.765948e-12
64158 2.415832e-12
96247 5.850725e-21
58141 4.580188e-10
45105 9.032285e-12
58143 4.359172e-11
58142 6.685484e-10
59143 2.914870e-10
59141 1.979600e-10
94239 2.346258e-09
94238 1.232746e-12
94237 8.484567e-19
94236 2.017478e-18
8016 6.790741e-07
54134 8.775819e-10
54135 1.375617e-12
54136 1.413189e-09
54131 2.093322e-10
54132 4.349980e-10
93236 1.313364e-18
93237 2.954486e-11
55137 6.982493e-10
93238 3.244401e-13
55134 1.297760e-11
55133 5.417144e-10
49115 1.450588e-12
42100 7.215358e-10
90233 3.207558e-23
90232 3.916510e-18
56138 7.806679e-10
45103 9.315155e-11
96244 1.262701e-14
96245 2.078052e-16
96246 2.498623e-18
91233 2.701130e-19
46104 6.038919e-12
96242 1.342069e-14
96243 5.499402e-17
96248 7.152228e-23
39091 5.159012e-10
44104 2.475253e-10
44105 1.538255e-12
44106 7.485494e-11
92239 3.398405e-12
44101 5.844652e-10
44102 5.024999e-10
44103 2.872447e-10
92235 7.777009e-08
92234 1.444802e-13
92237 1.862558e-11
92236 2.563828e-09
63156 3.405344e-12
92233 6.901458e-17
60150 7.669868e-11
37087 2.805388e-10
37085 1.092468e-10
93239 4.587061e-10
38090 6.239455e-10
46110 8.438951e-12
60146 3.563825e-10
60147 1.011675e-10
95243 2.386402e-13
60145 4.247307e-10
95244 4.395554e-17
94244 1.170014e-16
94242 6.726039e-12
94243 7.724404e-15
60148 2.031389e-10
94241 1.065725e-10
53127 1.456422e-11
61147 1.292099e-10
61149 1.347596e-11
61148 3.267441e-12
53129 8.098736e-11
38088 4.041502e-10
38089 4.097302e-10
56140 3.160629e-10
43099 5.752777e-10
35081 2.383746e-11
36083 5.880647e-11
36084 1.156831e-10
36086 2.198928e-10
62149 7.450648e-12
47109 1.452262e-11
42095 2.868811e-11
42097 6.559932e-10
42098 6.665812e-10
42099 8.825001e-11
92238 3.577087e-07
98250 4.843994e-26
62154 1.151685e-11
62153 3.318228e-12
62152 5.238936e-11
62151 2.213626e-11
62150 1.072080e-10
39089 1.127062e-10
57139 7.276207e-10
95241 1.408571e-13
60144 4.596406e-11
97249 2.633832e-25
95242 2.727869e-15
55135 8.313836e-11
60143 3.072857e-10
