98249 1.312158e-20
48113 1.749517e-14
48111 5.371086e-12
48110 7.762228e-12
48114 3.428538e-12
62147 6.979385e-12
40092 2.540475e-10
40093 2.626808e-10
40091 2.024588e-10
40096 2.749712e-10
40094 2.654110e-10
40095 3.814675e-11
46106 4.999412e-11
46107 5.146818e-11
6000 1.373078e-08
46105 7.848736e-11
63154 3.779637e-12
63155 1.335532e-12
46108 3.555741e-11
63153 2.311748e-11
64155 1.108599e-14
94240 1.404336e-10
64157 1.867389e-14
64156 1.381163e-11
64158 3.788173e-12
96247 2.631009e-16
58141 1.484220e-11
45105 4.576883e-13
58143 8.318288e-13
58142 2.670502e-10
59143 5.815055e-12
59141 2.419450e-10
94239 2.704612e-10
94238 2.110392e-11
94237 5.305004e-18
94236 2.272111e-17
8016 4.119226e-08
54134 3.577720e-10
54135 3.642262e-14
54136 5.914469e-10
54131 9.695790e-11
54132 2.547680e-10
93236 6.406208e-18
93237 6.665362e-11
55137 2.851591e-10
93238 4.371211e-13
55134 3.688115e-11
55133 2.601754e-10
49115 4.501048e-13
42100 2.979491e-10
90233 5.529173e-23
90232 1.470558e-17
56138 3.092437e-10
45103 1.219186e-10
96244 4.949697e-12
96245 2.890606e-13
96246 2.753838e-14
91233 2.181913e-18
46104 5.400810e-11
96242 8.259985e-13
96243 1.666605e-14
96248 1.649868e-17
39091 2.622080e-11
44104 1.445049e-10
44105 7.270170e-14
44106 5.220028e-11
92239 8.783853e-14
44101 2.368751e-10
44102 2.342451e-10
44103 1.655156e-11
92235 1.356838e-09
92234 9.293725e-14
92237 2.381813e-12
92236 7.114617e-10
63156 1.235036e-12
92233 1.745011e-17
60150 3.491950e-11
37087 9.839911e-11
37085 3.936884e-11
93239 1.172486e-11
38090 2.145049e-10
46110 1.078535e-11
60146 1.593695e-10
60147 2.140200e-12
95243 1.564656e-11
60145 1.488934e-10
95244 1.387653e-15
94244 9.637877e-15
94242 7.834696e-11
94243 4.113388e-14
60148 8.413556e-11
94241 1.274612e-10
53127 1.003153e-11
61147 4.092159e-11
61149 4.476035e-13
61148 5.690898e-13
53129 4.128370e-11
38088 1.421865e-10
38089 1.647850e-11
56140 6.584495e-12
43099 2.408007e-10
35081 8.806311e-12
36083 1.685492e-11
36084 4.601774e-11
36086 7.731957e-11
62149 3.389859e-13
47109 1.727079e-11
42095 2.029862e-10
42097 2.695655e-10
42098 2.720595e-10
42099 1.863501e-12
92238 2.000953e-08
98250 8.789919e-20
62154 7.917026e-12
62153 3.512783e-13
62152 2.098003e-11
62151 2.518301e-12
62150 6.050835e-11
39089 1.649454e-10
57139 2.874030e-10
95241 2.004255e-12
60144 1.689879e-10
97249 1.186024e-19
95242 5.597933e-14
55135 4.005940e-11
60143 1.780603e-10
