98249 6.207852e-22
48113 3.300100e-13
48111 3.811328e-11
48110 3.555463e-11
48114 2.964547e-11
62147 3.716712e-11
40092 2.754290e-09
40093 2.899222e-09
40091 1.566993e-09
40096 2.968811e-09
40094 2.890558e-09
40095 1.267311e-09
46106 3.088728e-10
46107 3.971542e-10
6000 2.258720e-07
46105 6.865685e-10
63154 3.084264e-11
63155 1.006484e-11
46108 2.655020e-10
63153 1.993960e-10
64155 2.737833e-14
94240 1.827189e-09
64157 3.405272e-13
64156 5.851114e-11
64158 2.451904e-11
96247 9.387369e-17
58141 6.707633e-10
45105 1.207767e-11
58143 3.080913e-11
58142 2.859015e-09
59143 2.656866e-10
59141 2.098158e-09
94239 5.006972e-09
94238 8.685683e-11
94237 3.619265e-17
94236 1.131582e-16
8016 6.776150e-07
54134 3.784880e-09
54135 1.048881e-12
54136 6.206849e-09
54131 1.120635e-09
54132 2.426102e-09
93236 4.770396e-17
93237 4.937486e-10
55137 3.024079e-09
93238 5.894927e-12
55134 2.599120e-10
55133 2.844822e-09
49115 5.598656e-12
42100 3.138498e-09
90233 5.829789e-22
90232 7.121216e-17
56138 3.301519e-09
45103 1.038577e-09
96244 8.559433e-12
96245 3.716987e-13
96246 1.430965e-14
91233 1.164381e-17
46104 2.618242e-10
96242 3.104782e-12
96243 3.929700e-14
96248 3.351914e-18
39091 1.001736e-09
44104 1.339926e-09
44105 2.042110e-12
44106 5.194697e-10
92239 3.339069e-12
44101 2.519538e-09
44102 2.340462e-09
44103 5.890533e-10
92235 4.153768e-08
92234 5.226124e-13
92237 7.061795e-11
92236 8.967051e-09
63156 1.755987e-11
92233 2.150750e-16
60150 3.531194e-10
37087 1.110331e-09
37085 4.392443e-10
93239 4.520891e-10
38090 2.448219e-09
46110 8.003848e-11
60146 1.603634e-09
60147 8.639850e-11
95243 4.933391e-11
60145 1.699599e-09
95244 9.081988e-15
94244 2.702380e-14
94242 4.074203e-10
94243 4.640728e-13
60148 8.892997e-10
94241 1.556318e-09
53127 9.220158e-11
61147 5.884402e-10
61149 1.497578e-11
61148 1.695255e-11
53129 4.106543e-10
38088 1.607149e-09
38089 7.059593e-10
56140 2.834608e-10
43099 2.652106e-09
35081 9.761966e-11
36083 2.133001e-10
36084 4.885636e-10
36086 8.706511e-10
62149 8.372750e-12
47109 1.394640e-10
42095 1.080643e-09
42097 2.877527e-09
42098 2.876286e-09
42099 6.695638e-11
92238 3.421926e-07
98250 1.027642e-20
62154 6.966394e-11
62153 8.670377e-12
62152 2.403000e-10
62151 4.059445e-11
62150 6.011680e-10
39089 1.349414e-09
57139 3.081606e-09
95241 8.087131e-12
60144 9.114669e-10
97249 2.635475e-20
95242 2.772254e-13
55135 3.822105e-10
60143 2.052497e-09
