98249 6.393471e-21
48113 1.965845e-14
48111 5.514070e-12
48110 7.812271e-12
48114 3.579443e-12
62147 5.479809e-12
40092 2.678658e-10
40093 2.785299e-10
40091 1.941894e-10
40096 2.911472e-10
40094 2.811611e-10
40095 6.755896e-11
46106 4.647833e-11
46107 5.341543e-11
6000 1.487454e-08
46105 8.162030e-11
63154 4.053222e-12
63155 1.417463e-12
46108 3.687295e-11
63153 2.422321e-11
64155 6.571070e-15
94240 1.500159e-10
64157 2.363979e-14
64156 1.321665e-11
64158 3.942486e-12
96247 2.227042e-16
58141 3.025365e-11
45105 5.391834e-13
58143 9.991651e-13
58142 2.827445e-10
59143 1.045306e-11
59141 2.415008e-10
94239 3.064241e-10
94238 2.110551e-11
94237 7.531356e-18
94236 2.413762e-17
8016 4.462356e-08
54134 3.782929e-10
54135 4.138192e-14
54136 6.259409e-10
54131 1.025315e-10
54132 2.676766e-10
93236 6.867526e-18
93237 6.942964e-11
55137 3.025492e-10
93238 4.866684e-13
55134 4.015478e-11
55133 2.751790e-10
49115 4.715078e-13
42100 3.149322e-10
90233 4.902545e-23
90232 1.179092e-17
56138 3.268284e-10
45103 1.163917e-10
96244 4.802477e-12
96245 2.847670e-13
96246 2.436185e-14
91233 2.034034e-18
46104 5.387964e-11
96242 8.256597e-13
96243 1.651062e-14
96248 1.338236e-17
39091 4.861936e-11
44104 1.515657e-10
44105 8.664208e-14
44106 6.028575e-11
92239 1.024225e-13
44101 2.503870e-10
44102 2.467711e-10
44103 3.221885e-11
92235 1.543286e-09
92234 7.215646e-14
92237 3.217211e-12
92236 7.619378e-10
63156 1.861500e-12
92233 1.572462e-17
60150 3.681138e-11
37087 1.044925e-10
37085 4.167480e-11
93239 1.384293e-11
38090 2.287326e-10
46110 1.117258e-11
60146 1.676013e-10
60147 3.354969e-12
95243 1.566640e-11
60145 1.582908e-10
95244 1.509674e-15
94244 9.865423e-15
94242 7.992835e-11
94243 4.500458e-14
60148 8.907455e-11
94241 1.403280e-10
53127 1.034360e-11
61147 4.499618e-11
61149 5.449982e-13
61148 7.218721e-13
53129 4.322415e-11
38088 1.509924e-10
38089 3.195236e-11
56140 1.109180e-11
43099 2.553030e-10
35081 9.340280e-12
36083 1.807241e-11
36084 4.863779e-11
36086 8.209433e-11
62149 4.288231e-13
47109 1.799091e-11
42095 1.754541e-10
42097 2.852982e-10
42098 2.876049e-10
42099 2.262770e-12
92238 2.172970e-08
98250 7.198724e-20
62154 8.322440e-12
62153 3.942637e-13
62152 2.219380e-11
62151 2.782318e-12
62150 6.409108e-11
39089 1.607643e-10
57139 3.041158e-10
95241 1.316998e-12
60144 1.538721e-10
97249 1.022909e-19
95242 4.084161e-14
55135 4.116891e-11
60143 1.871552e-10
