98249 2.112750e-20
48113 1.696201e-14
48111 5.626608e-12
48110 8.383141e-12
48114 3.557635e-12
62147 8.792275e-12
40092 2.595342e-10
40093 2.683441e-10
40091 2.154860e-10
40096 2.813415e-10
40094 2.713913e-10
40095 2.644908e-11
46106 5.682934e-11
46107 5.371423e-11
6000 1.372444e-08
46105 8.163162e-11
63154 3.840575e-12
63155 1.365120e-12
46108 3.716255e-11
63153 2.387317e-11
64155 1.302702e-14
94240 1.424014e-10
64157 1.884834e-14
64156 1.503353e-11
64158 3.965051e-12
96247 3.336839e-16
58141 1.153754e-11
45105 4.436171e-13
58143 7.980983e-13
58142 2.732761e-10
59143 5.462992e-12
59141 2.512908e-10
94239 2.609181e-10
94238 2.279351e-11
94237 5.181410e-18
94236 2.332671e-17
8016 4.117324e-08
54134 3.665460e-10
54135 3.495667e-14
54136 6.055969e-10
54131 9.816374e-11
54132 2.628587e-10
93236 6.534331e-18
93237 6.857777e-11
55137 2.912281e-10
93238 4.500563e-13
55134 3.719749e-11
55133 2.652443e-10
49115 4.571950e-13
42100 3.053737e-10
90233 7.100674e-23
90232 1.855757e-17
56138 3.169472e-10
45103 1.272535e-10
96244 5.579670e-12
96245 3.297750e-13
96246 3.389045e-14
91233 2.301241e-18
46104 5.851439e-11
96242 9.504051e-13
96243 1.850336e-14
96248 2.209738e-17
39091 1.776865e-11
44104 1.492731e-10
44105 7.058513e-14
44106 4.926589e-11
92239 8.853655e-14
44101 2.426976e-10
44102 2.409379e-10
44103 1.242988e-11
92235 1.286189e-09
92234 1.210164e-13
92237 2.389892e-12
92236 7.195393e-10
63156 1.231668e-12
92233 2.077393e-17
60150 3.588621e-11
37087 1.003693e-10
37085 4.027828e-11
93239 1.184527e-11
38090 2.178898e-10
46110 1.127917e-11
60146 1.641496e-10
60147 2.042040e-12
95243 1.683715e-11
60145 1.516884e-10
95244 1.530520e-15
94244 1.030187e-14
94242 8.308982e-11
94243 4.256633e-14
60148 8.612853e-11
94241 1.253150e-10
53127 1.044819e-11
61147 3.953437e-11
61149 4.319900e-13
61148 5.512463e-13
53129 4.243711e-11
38088 1.450279e-10
38089 1.124601e-11
56140 6.231400e-12
43099 2.457211e-10
35081 8.992772e-12
36083 1.700253e-11
36084 4.718394e-11
36086 7.887935e-11
62149 3.241536e-13
47109 1.790741e-11
42095 2.292869e-10
42097 2.758975e-10
42098 2.787770e-10
42099 1.790990e-12
92238 1.994340e-08
98250 1.186481e-19
62154 8.167125e-12
62153 3.545513e-13
62152 2.140332e-11
62151 2.464392e-12
62150 6.181529e-11
39089 1.737537e-10
57139 2.942011e-10
95241 2.658422e-12
60144 1.936363e-10
97249 1.573988e-19
95242 7.615584e-14
55135 4.207249e-11
60143 1.796020e-10
