98249 1.396642e-20
48113 3.384768e-13
48111 6.127290e-11
48110 7.661783e-11
48114 4.280607e-11
62147 6.007860e-11
40092 3.491554e-09
40093 3.647969e-09
40091 2.314068e-09
40096 3.781569e-09
40094 3.664631e-09
40095 1.183440e-09
46106 5.040022e-10
46107 6.155733e-10
6000 2.232907e-07
46105 9.811387e-10
63154 5.122650e-11
63155 1.560728e-11
46108 4.203745e-10
63153 2.940037e-10
64155 4.611526e-14
94240 2.050106e-09
64157 4.644195e-13
64156 1.208876e-10
64158 4.217029e-11
96247 9.735554e-16
58141 5.747672e-10
45105 1.190853e-11
58143 2.531526e-11
58142 3.661036e-09
59143 2.180338e-10
59141 2.953422e-09
94239 5.005094e-09
94238 2.002239e-10
94237 8.861332e-17
94236 2.464671e-16
8016 6.698709e-07
54134 4.875013e-09
54135 8.913615e-13
54136 8.036267e-09
54131 1.363038e-09
54132 3.318476e-09
93236 8.698236e-17
93237 7.985654e-10
55137 3.899137e-09
93238 9.535958e-12
55134 4.550288e-10
55133 3.584161e-09
49115 6.399056e-12
42100 4.052245e-09
90233 9.905283e-22
90232 1.228564e-16
56138 4.228215e-09
45103 1.431411e-09
96244 3.479223e-11
96245 1.974978e-12
96246 1.096498e-13
91233 2.134913e-17
46104 5.421450e-10
96242 7.886313e-12
96243 1.362308e-13
96248 4.776189e-17
39091 8.883395e-10
44104 1.860567e-09
44105 2.009007e-12
44106 7.453559e-10
92239 3.215587e-12
44101 3.233640e-09
44102 3.113440e-09
44103 5.644818e-10
92235 3.001760e-08
92234 7.512289e-13
92237 8.216987e-11
92236 1.052891e-08
63156 2.692180e-11
92233 2.275471e-16
60150 4.663089e-10
37087 1.380587e-09
37085 5.485926e-10
93239 4.345793e-10
38090 3.033072e-09
46110 1.270276e-10
60146 2.122201e-09
60147 7.241671e-11
95243 1.389031e-10
60145 2.100408e-09
95244 2.547604e-14
94244 8.454121e-14
94242 8.195082e-10
94243 9.166145e-13
60148 1.147113e-09
94241 2.055204e-09
53127 1.268635e-10
61147 6.410811e-10
61149 1.400198e-11
61148 1.828957e-11
53129 5.464714e-10
38088 1.997243e-09
38089 6.033486e-10
56140 2.361038e-10
43099 3.335531e-09
35081 1.225678e-10
36083 2.505642e-10
36084 6.271752e-10
36086 1.083807e-09
62149 7.854713e-12
47109 2.108282e-10
42095 1.890881e-09
42097 3.688171e-09
42098 3.705953e-09
42099 5.636392e-11
92238 3.311630e-07
98250 2.055482e-19
62154 1.006051e-10
62153 9.801631e-12
62152 2.887143e-10
62151 4.354199e-11
62150 8.089375e-10
39089 1.947024e-09
57139 3.939842e-09
95241 1.402505e-11
60144 1.610165e-09
97249 4.386211e-19
95242 5.178820e-13
55135 5.117996e-10
60143 2.521397e-09
