98249 1.879617e-23
48113 5.062238e-10
48111 9.171857e-09
48110 2.718163e-09
48114 1.178143e-08
62147 5.083244e-09
40092 1.788195e-06
40093 1.697651e-06
40091 3.596789e-07
40096 1.703138e-06
40094 1.679671e-06
40095 1.350045e-06
46106 8.894050e-08
46107 1.088434e-07
6000 6.780607e-04
46105 2.663478e-07
63154 4.629358e-09
63155 4.536288e-09
46108 6.521519e-08
63153 6.098181e-08
64155 1.033775e-11
94240 7.609758e-07
64157 2.414967e-10
64156 8.298713e-09
64158 5.965281e-09
96247 2.501534e-17
58141 1.004656e-06
45105 1.592696e-08
58143 7.875837e-08
58142 1.610693e-06
59143 5.982120e-07
59141 5.786064e-07
94239 4.513381e-06
94238 3.932920e-09
94237 1.688354e-15
94236 5.636908e-15
8016 2.034179e-03
54134 2.112978e-06
54135 3.238593e-09
54136 3.416088e-06
54131 5.561915e-07
54132 1.098388e-06
93236 3.495976e-15
93237 7.907096e-08
55137 1.681294e-06
93238 4.922607e-10
55134 3.448391e-08
55133 1.413110e-06
49115 3.599361e-09
42100 1.737631e-06
90233 3.780641e-20
90232 1.161036e-14
56138 1.879140e-06
45103 2.756186e-07
96244 4.437637e-11
96245 7.663736e-13
96246 1.046828e-14
91233 8.920023e-16
46104 1.815000e-08
96242 4.859067e-11
96243 2.023834e-13
96248 3.241757e-19
39091 1.178170e-06
44104 5.968756e-07
44105 2.385143e-09
44106 1.793363e-07
92239 4.095204e-09
44101 1.405327e-06
44102 1.210597e-06
44103 6.376947e-07
92235 2.410939e-04
92234 2.885775e-10
92237 2.984662e-08
92236 5.832970e-06
63156 7.153325e-09
92233 1.281173e-13
60150 1.847658e-07
37087 6.758393e-07
37085 2.636912e-07
93239 6.060836e-07
38090 1.501572e-06
46110 2.046951e-08
60146 8.583997e-07
60147 2.003398e-07
95243 7.839893e-10
60145 1.024919e-06
95244 4.640402e-14
94244 3.511175e-13
94242 2.016154e-08
94243 7.587542e-12
60148 4.896640e-07
94241 2.596188e-07
53127 3.750551e-08
61147 3.475488e-07
61149 2.452648e-08
61148 6.220741e-09
53129 1.972638e-07
38088 9.731038e-07
38089 9.239531e-07
56140 6.336000e-07
43099 1.439006e-06
35081 5.740057e-08
36083 1.389465e-07
36084 2.793120e-07
36086 5.293608e-07
62149 1.861398e-08
47109 3.584545e-08
42095 1.036117e-07
42097 1.595672e-06
42098 1.605441e-06
42099 1.613248e-07
92238 1.075518e-03
98250 2.594513e-22
62154 2.744762e-08
62153 5.448066e-09
62152 1.328436e-07
62151 4.808270e-08
62150 2.669643e-07
39089 3.343505e-07
57139 1.752493e-06
95241 4.949378e-10
60144 1.395552e-07
97249 1.257140e-21
95242 8.844924e-12
55135 1.923193e-07
60143 8.591176e-07
