98249 3.793850e-17
48113 8.971502e-10
48111 1.710647e-07
48110 1.988706e-07
48114 1.186446e-07
62147 1.697026e-07
40092 9.734728e-06
40093 1.027759e-05
40091 6.483941e-06
40096 1.062445e-05
40094 1.029922e-05
40095 3.363408e-06
46106 1.382337e-06
46107 1.694203e-06
6000 6.433728e-04
46105 2.742140e-06
63154 1.313251e-07
63155 4.472130e-08
46108 1.153679e-06
63153 8.183890e-07
64155 1.606221e-10
94240 6.076347e-06
64157 9.957979e-10
64156 3.345577e-07
64158 1.142679e-07
96247 2.247537e-12
58141 1.605726e-06
45105 2.058346e-08
58143 4.184625e-08
58142 1.027817e-05
59143 5.737810e-07
59141 8.312160e-06
94239 1.398006e-05
94238 5.283673e-07
94237 2.006185e-13
94236 6.332319e-13
8016 1.930115e-03
54134 1.367846e-05
54135 2.047180e-09
54136 2.254240e-05
54131 3.943933e-06
54132 9.277112e-06
93236 2.128293e-13
93237 2.210447e-06
55137 1.093575e-05
93238 1.350865e-08
55134 1.198274e-06
55133 1.025065e-05
49115 1.893044e-08
42100 1.136578e-05
90233 1.084118e-18
90232 3.410372e-13
56138 1.186702e-05
45103 4.098700e-06
96244 8.411070e-08
96245 4.398263e-09
96246 2.725308e-10
91233 5.890223e-14
46104 1.425483e-06
96242 2.049308e-08
96243 3.354278e-10
96248 1.105886e-13
39091 2.546718e-06
44104 5.173523e-06
44105 3.006309e-09
44106 2.054262e-06
92239 3.469839e-09
44101 9.084458e-06
44102 8.690573e-06
44103 1.561354e-06
92235 8.986579e-05
92234 2.096380e-09
92237 1.372499e-07
92236 2.985123e-05
63156 6.299498e-08
92233 6.614547e-13
60150 1.304591e-06
37087 3.890992e-06
37085 1.545985e-06
93239 5.441811e-07
38090 8.548778e-06
46110 3.482888e-07
60146 5.917496e-06
60147 1.740800e-07
95243 3.480231e-07
60145 5.936867e-06
95244 2.554968e-11
94244 2.014940e-10
94242 2.229429e-06
94243 9.427449e-10
60148 3.218775e-06
94241 5.444337e-06
53127 3.581497e-07
61147 1.904735e-06
61149 2.219858e-08
61148 3.082562e-08
53129 1.530643e-06
38088 5.628123e-06
38089 1.724929e-06
56140 5.861553e-07
43099 9.486072e-06
35081 3.451819e-07
36083 7.109150e-07
36084 1.761027e-06
36086 3.053593e-06
62149 2.420941e-08
47109 5.864140e-07
42095 5.244875e-06
42097 1.037667e-05
42098 1.039560e-05
42099 9.877195e-08
92238 9.580002e-04
98250 4.961194e-16
62154 2.766965e-07
62153 1.372723e-08
62152 8.407646e-07
62151 1.192496e-07
62150 2.270450e-06
39089 5.463978e-06
57139 1.106551e-05
95241 3.994485e-08
60144 4.437902e-06
97249 9.218582e-16
95242 1.281515e-09
55135 1.429031e-06
60143 7.206603e-06
