98249 1.892767e-18
48113 8.638288e-10
48111 1.047435e-07
48110 8.849458e-08
48114 8.057470e-08
62147 1.025895e-07
40092 7.642497e-06
40093 8.037125e-06
40091 4.303668e-06
40096 8.201939e-06
40094 7.989291e-06
40095 3.541345e-06
46106 8.289610e-07
46107 1.066047e-06
6000 6.486976e-04
46105 1.885132e-06
63154 7.570383e-08
63155 2.804439e-08
46108 7.097600e-07
63153 5.381509e-07
64155 9.522526e-11
94240 5.264994e-06
64157 7.515309e-10
64156 1.599923e-07
64158 6.507794e-08
96247 2.207218e-13
58141 1.857346e-06
45105 2.087981e-08
58143 5.146288e-08
58142 7.891168e-06
59143 6.979060e-07
59141 5.799198e-06
94239 1.375891e-05
94238 2.205420e-07
94237 7.754062e-14
94236 2.738134e-13
8016 1.946089e-03
54134 1.044199e-05
54135 2.400763e-09
54136 1.711741e-05
54131 3.199330e-06
54132 6.682919e-06
93236 1.102291e-13
93237 1.326871e-06
55137 8.338362e-06
93238 8.239596e-09
55134 6.560653e-07
55133 8.032606e-06
49115 1.630535e-08
42100 8.653908e-06
90233 6.406085e-19
90232 1.938538e-13
56138 9.110246e-06
45103 2.915433e-06
96244 1.950640e-08
96245 8.058559e-10
96246 3.531784e-11
91233 3.123350e-14
46104 6.569475e-07
96242 7.681737e-09
96243 9.126033e-11
96248 8.027533e-15
39091 2.824140e-06
44104 3.654886e-06
44105 3.066229e-09
44106 1.397639e-06
92239 3.608386e-09
44101 6.957900e-06
44102 6.419485e-06
44103 1.607738e-06
92235 1.239237e-04
92234 1.433475e-09
92237 1.167588e-07
92236 2.493117e-05
63156 4.041618e-08
92233 5.746565e-13
60150 9.708379e-07
37087 3.078448e-06
37085 1.217901e-06
93239 5.629037e-07
38090 6.787884e-06
46110 2.139729e-07
60146 4.398487e-06
60147 2.076436e-07
95243 1.164682e-07
60145 4.724053e-06
95244 8.498109e-12
94244 5.957967e-11
94242 1.061675e-06
94243 4.605833e-10
60148 2.453272e-06
94241 3.925701e-06
53127 2.564539e-07
61147 1.723401e-06
61149 2.410913e-08
61148 2.821262e-08
53129 1.128911e-06
38088 4.452935e-06
38089 1.986627e-06
56140 7.031689e-07
43099 7.434058e-06
35081 2.702956e-07
36083 5.935875e-07
36084 1.349570e-06
36086 2.413035e-06
62149 2.565977e-08
47109 3.780921e-07
42095 2.921420e-06
42097 7.966052e-06
42098 7.932294e-06
42099 1.179634e-07
92238 9.867384e-04
98250 2.661406e-17
62154 1.873135e-07
62153 1.207800e-08
62152 6.905461e-07
62151 1.117675e-07
62150 1.656654e-06
39089 3.712837e-06
57139 8.510876e-06
95241 2.220732e-08
60144 2.459019e-06
97249 5.955082e-17
95242 6.463352e-10
55135 1.049352e-06
60143 5.779479e-06
