98249 3.383392e-18
48113 1.007464e-11
48111 2.904570e-09
48110 4.149156e-09
48114 1.885282e-09
62147 2.867594e-09
40092 1.403218e-07
40093 1.459766e-07
40091 1.017530e-07
40096 1.526799e-07
40094 1.474111e-07
40095 3.541961e-08
46106 2.450665e-08
46107 2.818782e-08
6000 7.740178e-06
46105 4.293977e-08
63154 2.115608e-09
63155 7.487299e-10
46108 1.946840e-08
63153 1.269947e-08
64155 3.023930e-12
94240 7.861248e-08
64157 1.239818e-11
64156 7.005808e-09
64158 2.084833e-09
96247 1.226868e-13
58141 1.600351e-08
45105 3.043602e-10
58143 5.706237e-10
58142 1.482897e-07
59143 5.635024e-09
59141 1.265039e-07
94239 1.561953e-07
94238 1.118664e-08
94237 4.038493e-15
94236 1.279101e-14
8016 2.322049e-05
54134 1.984576e-07
54135 2.159755e-11
54136 3.284704e-07
54131 5.353264e-08
54132 1.405422e-07
93236 3.575220e-15
93237 3.633511e-08
55137 1.587435e-07
93238 2.819336e-10
55134 2.119395e-08
55133 1.439510e-07
49115 2.459106e-10
42100 1.652376e-07
90233 2.839468e-20
90232 6.195141e-15
56138 1.714267e-07
45103 6.074047e-08
96244 2.586024e-09
96245 1.529719e-10
96246 1.345483e-11
91233 1.068439e-15
46104 2.860913e-08
96242 4.424167e-10
96243 8.820006e-12
96248 7.437523e-15
39091 2.545107e-08
44104 7.972130e-08
44105 4.905968e-11
44106 3.178777e-08
92239 5.895139e-11
44101 1.313477e-07
44102 1.296023e-07
44103 1.704243e-08
92235 7.899316e-07
92234 3.792451e-11
92237 1.798633e-09
92236 3.981548e-07
63156 1.026173e-09
92233 8.131925e-15
60150 1.933079e-08
37087 5.474389e-08
37085 2.183549e-08
93239 8.032966e-09
38090 1.198236e-07
46110 5.899646e-09
60146 8.799504e-08
60147 1.835395e-09
95243 8.355377e-09
60145 8.290989e-08
95244 8.836151e-13
94244 5.267666e-12
94242 4.242138e-08
94243 2.625388e-11
60148 4.673062e-08
94241 7.269635e-08
53127 5.427365e-09
61147 2.339750e-08
61149 3.134665e-10
61148 4.087877e-10
53129 2.268182e-08
38088 7.909911e-08
38089 1.674837e-08
56140 6.028531e-09
43099 1.336788e-07
35081 4.895487e-09
36083 9.439281e-09
36084 2.551834e-08
36086 4.301184e-08
62149 2.136044e-10
47109 9.481139e-09
42095 9.209277e-08
42097 1.496073e-07
42098 1.508860e-07
42099 1.295192e-09
92238 1.129839e-05
98250 4.014415e-17
62154 4.378442e-09
62153 2.285887e-10
62152 1.166759e-08
62151 1.427448e-09
62150 3.360195e-08
39089 8.420797e-08
57139 1.594976e-07
95241 6.762427e-10
60144 8.125928e-08
97249 5.618133e-17
95242 2.138490e-11
55135 2.161377e-08
60143 9.747720e-08
