98249 2.557922e-20
48113 7.733139e-10
48111 4.741709e-08
48110 2.471210e-08
48114 4.341510e-08
62147 4.029878e-08
40092 5.001051e-06
40093 5.157364e-06
40091 2.017095e-06
40096 5.192145e-06
40094 5.088457e-06
40095 3.097401e-06
46106 3.844282e-07
46107 5.003758e-07
6000 6.498695e-04
46105 1.016641e-06
63154 2.892891e-08
63155 1.398886e-08
46108 3.207122e-07
63153 2.627866e-07
64155 4.458227e-11
94240 3.359792e-06
64157 5.131229e-10
64156 5.579112e-08
64158 2.841205e-08
96247 7.465622e-15
58141 1.903498e-06
45105 1.975495e-08
58143 6.249559e-08
58142 4.958070e-06
59143 8.292360e-07
59141 2.944038e-06
94239 1.201970e-05
94238 5.272024e-08
94237 2.014529e-14
94236 7.126627e-14
8016 1.949605e-03
54134 6.529558e-06
54135 2.802154e-09
54136 1.063229e-05
54131 2.043115e-06
54132 3.881398e-06
93236 3.566292e-14
93237 5.337780e-07
55137 5.201905e-06
93238 3.359826e-09
55134 2.355551e-07
55133 5.039441e-06
49115 1.127987e-08
42100 5.388953e-06
90233 2.532781e-19
90232 7.691440e-14
56138 5.737398e-06
45103 1.464868e-06
96244 2.072301e-09
96245 6.143509e-11
96246 1.687061e-12
91233 9.907403e-15
46104 1.827070e-07
96242 1.391116e-09
96243 1.106959e-11
96248 1.835274e-16
39091 2.606728e-06
44104 2.066039e-06
44105 2.896165e-09
44106 7.239135e-07
92239 3.719945e-09
44101 4.350711e-06
44102 3.868263e-06
44103 1.415232e-06
92235 1.697217e-04
92234 9.146658e-10
92237 8.137366e-08
92236 1.708820e-05
63156 2.149756e-08
92233 4.068183e-13
60150 5.885495e-07
37087 2.004837e-06
37085 7.889505e-07
93239 5.796066e-07
38090 4.436318e-06
46110 9.744026e-08
60146 2.680856e-06
60147 2.443604e-07
95243 1.937253e-08
60145 3.076504e-06
95244 1.362119e-12
94244 8.925289e-12
94242 2.735886e-07
94243 1.227719e-10
60148 1.527674e-06
94241 1.753698e-06
53127 1.444114e-07
61147 1.222432e-06
61149 2.483947e-08
61148 2.008810e-08
53129 6.666028e-07
38088 2.900331e-06
38089 1.923693e-06
56140 8.254303e-07
43099 4.722637e-06
35081 1.734346e-07
36083 4.062177e-07
36084 8.504816e-07
36086 1.569748e-06
62149 2.587655e-08
47109 1.774905e-07
42095 9.968466e-07
42097 4.998962e-06
42098 4.956580e-06
42099 1.393384e-07
92238 1.009659e-03
98250 3.689439e-19
62154 1.003422e-07
62153 9.413854e-09
62152 4.444029e-07
62151 9.900876e-08
62150 9.578782e-07
39089 1.796444e-06
57139 5.365990e-06
95241 6.546247e-09
60144 9.310705e-07
97249 1.094877e-18
95242 1.631126e-10
55135 6.360138e-07
60143 3.555723e-06
